      1 a 100 1 11
      1 a 100 1 5
      1 a 100 1 7
      1 a 100 1 8
      1 a 100 1 9
      1 a 101 1 0
      1 a 10 2 1
      1 a 102 1 6
      1 a 102 1 7
      1 a 102 3 1
      1 a 102 6 1
      1 a 109 1 1
      1 a 111 1 0
      1 a 111 1 1
      1 a 111 1 3
      1 a 1 1 4
      1 a 114 1 1
      1 a 115 1 1
      1 a 115 1 2
      1 a 115 1 3
      1 a 118 11 0
      1 a 118 11 1
      1 a 118 1 13
      1 a 118 1 21
      1 a 118 1 24
      1 a 118 1 25
      1 a 118 1 26
      1 a 118 1 27
      1 a 118 1 3
      1 a 118 1 30
      1 a 118 13 1
      1 a 118 1 4
      1 a 118 14 0
      1 a 118 1 5
      1 a 118 15 1
      1 a 118 16 0
      1 a 118 16 1
      1 a 118 1 7
      1 a 118 1 9
      1 a 118 20 1
      1 a 118 21 0
      1 a 118 22 1
      1 a 118 23 1
      1 a 118 24 1
      1 a 118 25 1
      1 a 118 26 0
      1 a 118 4 1
      1 a 118 5 1
      1 a 118 8 10
      1 a 118 8 2
      1 a 118 8 3
      1 a 118 8 5
      1 a 118 8 8
      1 a 119 1 0
      1 a 119 1 2
      1 a 120 1 1
      1 a 1 2 2
      1 a 124 1 2
      1 a 128 1 2
      1 a 128 1 5
      1 a 130 1 3
      1 a 130 1 4
      1 a 133 1 1
      1 a 133 1 3
      1 a 137 10 1
      1 a 137 1 1
      1 a 137 11 1
      1 a 137 12 1
      1 a 137 13 1
      1 a 137 14 1
      1 a 137 15 1
      1 a 137 4 1
      1 a 137 5 1
      1 a 140 3 1
      1 a 140 4 1
      1 a 140 6 1
      1 a 147 1 1
      1 a 148 1 1
      1 a 149 1 0
      1 a 149 1 2
      1 a 150 1 1
      1 a 15 1 1
      1 a 151 1 1
      1 a 156 1 3
      1 a 159 1 0
      1 a 159 3 1
      1 a 159 4 1
      1 a 159 5 1
      1 a 160 1 3
      1 a 160 1 4
      1 a 160 1 5
      1 a 16 1 0
      1 a 163 1 1
      1 a 166 1 1
      1 a 17 1 1
      1 a 17 1 2
      1 a 174 1 0
      1 a 176 1 1
      1 a 177 1 0
      1 a 178 1 1
      1 a 179 1 1
      1 a 180 1 1
      1 a 18 1 1
      1 a 181 1 1
      1 a 182 1 1
      1 a 185 1 1
      1 a 186 1 2
      1 a 187 1 0
      1 a 187 1 1
      1 a 188 1 1
      1 a 189 1 0
      1 a 191 1 1
      1 a 192 1 0
      1 a 192 1 1
      1 a 196 1 1
      1 a 198 1 1
      1 a 199 1 1
      1 a 200 1 1
      1 a 20 1 0
      1 a 203 1 1
      1 a 204 1 3
      1 a 205 1 1
      1 a 206 1 1
      1 a 208 1 0
      1 a 209 1 1
      1 a 2 1 0
      1 a 210 1 1
      1 a 211 1 3
      1 a 211 1 5
      1 a 211 1 6
      1 a 211 1 7
      1 a 211 1 8
      1 a 212 1 1
      1 a 213 1 1
      1 a 213 1 3
      1 a 213 1 4
      1 a 2 14 1
      1 a 214 1 1
      1 a 215 1 1
      1 a 2 17 0
      1 a 2 18 1
      1 a 218 1 1
      1 a 219 1 1
      1 a 220 1 1
      1 a 221 1 1
      1 a 222 1 1
      1 a 223 1 2
      1 a 224 1 1
      1 a 225 1 1
      1 a 226 1 1
      1 a 227 1 1
      1 a 228 1 1
      1 a 229 1 1
      1 a 230 1 1
      1 a 23 1 1
      1 a 231 1 1
      1 a 231 1 2
      1 a 232 1 1
      1 a 233 1 1
      1 a 23 4 1
      1 a 234 1 1
      1 a 23 5 0
      1 a 235 1 1
      1 a 23 6 0
      1 a 23 6 1
      1 a 236 1 0
      1 a 236 1 1
      1 a 23 7 1
      1 a 238 1 2
      1 a 238 1 3
      1 a 239 1 1
      1 a 24 10 1
      1 a 24 10 4
      1 a 24 10 5
      1 a 24 10 6
      1 a 24 1 1
      1 a 241 1 1
      1 a 24 14 0
      1 a 24 16 0
      1 a 24 16 1
      1 a 24 16 4
      1 a 24 18 1
      1 a 24 20 1
      1 a 24 21 1
      1 a 242 1 1
      1 a 24 23 1
      1 a 24 24 1
      1 a 24 25 1
      1 a 24 27 1
      1 a 24 28 0
      1 a 24 28 1
      1 a 24 29 0
      1 a 24 29 1
      1 a 243 1 1
      1 a 243 1 2
      1 a 243 1 3
      1 a 244 1 1
      1 a 246 3 1
      1 a 248 1 1
      1 a 249 1 1
      1 a 24 9 2
      1 a 250 1 0
      1 a 251 1 1
      1 a 25 1 5
      1 a 25 1 7
      1 a 25 1 8
      1 a 25 1 9
      1 a 25 2 1
      1 a 252 1 1
      1 a 252 1 2
      1 a 253 1 1
      1 a 25 4 1
      1 a 254 1 1
      1 a 25 4 2
      1 a 25 5 1
      1 a 255 1 1
      1 a 25 6 1
      1 a 256 1 1
      1 a 258 1 1
      1 a 259 1 1
      1 a 262 1 1
      1 a 263 1 1
      1 a 267 1 1
      1 a 2 7 0
      1 a 270 1 1
      1 a 2 7 1
      1 a 272 1 1
      1 a 2 7 3
      1 a 273 1 1
      1 a 2 7 4
      1 a 275 1 1
      1 a 276 1 1
      1 a 278 1 1
      1 a 278 1 2
      1 a 278 1 3
      1 a 278 1 4
      1 a 279 1 1
      1 a 2 8 1
      1 a 281 1 1
      1 a 282 1 1
      1 a 286 1 1
      1 a 287 1 1
      1 a 287 1 2
      1 a 289 1 0
      1 a 289 1 1
      1 a 289 1 2
      1 a 290 1 1
      1 a 29 11 1
      1 a 291 1 1
      1 a 29 15 1
      1 a 29 17 1
      1 a 294 1 1
      1 a 295 1 1
      1 a 29 6 0
      1 a 296 1 1
      1 a 29 7 0
      1 a 297 1 1
      1 a 29 8 1
      1 a 29 9 1
      1 a 302 1 1
      1 a 30 3 1
      1 a 30 4 1
      1 a 30 5 1
      1 a 30 6 1
      1 a 30 8 1
      1 a 31 1 0
      1 a 34 3 1
      1 a 34 4 1
      1 a 35 1 10
      1 a 35 1 11
      1 a 35 1 12
      1 a 35 1 4
      1 a 35 1 8
      1 a 35 1 9
      1 a 38 2 1
      1 a 39 1 3
      1 a 39 1 9
      1 a 39 4 1
      1 a 40 2 1
      1 a 40 3 1
      1 a 4 10 0
      1 a 4 1 11
      1 a 4 1 13
      1 a 4 1 14
      1 a 4 1 15
      1 a 4 1 16
      1 a 4 1 17
      1 a 4 1 19
      1 a 4 1 20
      1 a 4 12 0
      1 a 4 1 21
      1 a 4 12 3
      1 a 4 15 1
      1 a 4 2 0
      1 a 42 1 0
      1 a 43 1 10
      1 a 43 1 12
      1 a 43 1 4
      1 a 43 1 5
      1 a 43 1 6
      1 a 43 1 7
      1 a 43 1 8
      1 a 43 1 9
      1 a 45 1 2
      1 a 4 5 15
      1 a 4 5 16
      1 a 4 5 18
      1 a 4 5 2
      1 a 4 5 27
      1 a 4 5 30
      1 a 4 5 33
      1 a 4 5 36
      1 a 4 5 38
      1 a 4 5 40
      1 a 4 5 41
      1 a 4 5 42
      1 a 4 5 44
      1 a 4 5 45
      1 a 4 5 49
      1 a 4 5 51
      1 a 4 5 52
      1 a 4 5 56
      1 a 4 5 58
      1 a 4 5 59
      1 a 4 5 64
      1 a 4 5 65
      1 a 4 5 66
      1 a 4 5 70
      1 a 4 5 71
      1 a 4 5 72
      1 a 4 5 73
      1 a 4 5 74
      1 a 4 5 76
      1 a 4 5 77
      1 a 4 5 78
      1 a 4 5 8
      1 a 4 5 80
      1 a 4 5 82
      1 a 4 5 83
      1 a 4 5 84
      1 a 4 5 9
      1 a 46 1 1
      1 a 46 3 1
      1 a 47 3 1
      1 a 47 5 1
      1 a 47 6 1
      1 a 48 1 1
      1 a 48 4 0
      1 a 48 5 1
      1 a 49 1 1
      1 a 5 10 1
      1 a 51 1 0
      1 a 51 1 1
      1 a 5 4 1
      1 a 54 1 1
      1 a 5 7 2
      1 a 5 8 1
      1 a 58 1 1
      1 a 5 9 1
      1 a 60 10 1
      1 a 60 11 0
      1 a 60 11 1
      1 a 60 12 2
      1 a 60 14 0
      1 a 60 17 1
      1 a 60 2 2
      1 a 60 2 3
      1 a 60 4 0
      1 a 60 4 3
      1 a 60 8 0
      1 a 61 1 2
      1 a 61 1 3
      1 a 61 1 5
      1 a 6 1 2
      1 a 6 1 5
      1 a 6 1 6
      1 a 64 1 2
      1 a 64 1 3
      1 a 64 1 4
      1 a 64 2 1
      1 a 68 1 1
      1 a 69 1 3
      1 a 70 1 1
      1 a 70 2 0
      1 a 70 2 1
      1 a 7 10 1
      1 a 71 1 0
      1 a 7 2 1
      1 a 72 1 1
      1 a 76 1 0
      1 a 7 8 0
      1 a 79 1 0
      1 a 79 1 2
      1 a 79 1 3
      1 a 8 2 1
      1 a 8 3 0
      1 a 8 3 2
      1 a 8 3 3
      1 a 8 4 0
      1 a 84 1 1
      1 a 86 1 3
      1 a 8 7 1
      1 a 8 8 1
      1 a 88 1 1
      1 a 8 9 0
      1 a 90 1 1
      1 a 92 1 1
      1 a 94 1 1
      1 a 96 1 0
      1 a 96 1 5
      1 a 97 1 1
      1 a 97 1 2
      1 b 100 1 0
      1 b 101 1 1
      1 b 102 1 1
      1 b 106 1 0
      1 b 106 1 3
      1 b 108 1 1
      1 b 108 1 2
      1 b 108 1 5
      1 b 1 10 0
      1 b 11 1 2
      1 b 111 2 1
      1 b 11 1 3
      1 b 11 1 4
      1 b 11 1 5
      1 b 11 1 6
      1 b 1 12 0
      1 b 1 12 1
      1 b 1 13 0
      1 b 113 1 0
      1 b 1 14 0
      1 b 114 1 1
      1 b 1 15 1
      1 b 116 1 1
      1 b 1 17 0
      1 b 1 18 12
      1 b 1 18 13
      1 b 1 18 18
      1 b 1 18 19
      1 b 1 18 20
      1 b 1 18 22
      1 b 1 18 23
      1 b 1 18 25
      1 b 1 18 5
      1 b 1 19 1
      1 b 119 1 1
      1 b 120 1 1
      1 b 121 2 0
      1 b 121 3 0
      1 b 121 4 3
      1 b 121 4 9
      1 b 121 5 0
      1 b 121 5 3
      1 b 1 22 0
      1 b 122 1 11
      1 b 122 1 13
      1 b 122 1 4
      1 b 122 1 5
      1 b 122 1 7
      1 b 1 23 0
      1 b 123 1 1
      1 b 1 25 1
      1 b 125 1 2
      1 b 125 1 3
      1 b 126 1 1
      1 b 127 1 1
      1 b 128 1 1
      1 b 129 1 2
      1 b 129 2 1
      1 b 129 2 2
      1 b 1 29 9
      1 b 1 31 0
      1 b 1 31 1
      1 b 131 1 1
      1 b 131 1 2
      1 b 131 1 3
      1 b 1 32 0
      1 b 1 32 1
      1 b 132 1 1
      1 b 1 33 1
      1 b 133 1 0
      1 b 133 1 1
      1 b 135 1 1
      1 b 136 1 0
      1 b 136 1 2
      1 b 137 1 2
      1 b 139 1 0
      1 b 14 1 0
      1 b 141 1 1
      1 b 142 1 1
      1 b 144 1 1
      1 b 146 1 1
      1 b 147 1 1
      1 b 149 1 1
      1 b 15 1 2
      1 b 152 1 1
      1 b 153 1 1
      1 b 153 1 2
      1 b 154 1 1
      1 b 156 1 1
      1 b 157 1 1
      1 b 158 1 1
      1 b 159 1 0
      1 b 161 1 1
      1 b 1 6 2
      1 b 162 1 1
      1 b 163 1 1
      1 b 163 1 2
      1 b 165 1 1
      1 b 166 1 0
      1 b 166 1 1
      1 b 168 1 1
      1 b 172 1 0
      1 b 173 1 1
      1 b 174 1 1
      1 b 175 1 1
      1 b 176 1 1
      1 b 177 1 1
      1 b 178 1 1
      1 b 179 1 3
      1 b 180 1 0
      1 b 180 1 1
      1 b 18 1 11
      1 b 18 1 12
      1 b 18 1 15
      1 b 18 1 16
      1 b 18 1 17
      1 b 18 1 19
      1 b 18 1 23
      1 b 18 1 25
      1 b 18 1 26
      1 b 18 1 28
      1 b 18 1 29
      1 b 18 1 30
      1 b 18 1 31
      1 b 18 1 32
      1 b 18 1 37
      1 b 18 1 7
      1 b 18 1 8
      1 b 182 1 1
      1 b 184 1 1
      1 b 1 9 1
      1 b 19 1 3
      1 b 1 9 2
      1 b 1 9 3
      1 b 2 10 1
      1 b 2 1 1
      1 b 21 1 2
      1 b 2 2 3
      1 b 2 3 1
      1 b 2 3 3
      1 b 23 3 1
      1 b 24 1 0
      1 b 24 2 0
      1 b 24 2 1
      1 b 2 5 0
      1 b 2 5 8
      1 b 26 1 3
      1 b 2 7 1
      1 b 28 1 1
      1 b 2 9 1
      1 b 29 1 12
      1 b 29 1 16
      1 b 29 1 17
      1 b 29 1 21
      1 b 29 1 24
      1 b 29 1 25
      1 b 29 1 7
      1 b 29 1 9
      1 b 30 5 10
      1 b 30 5 7
      1 b 30 5 8
      1 b 30 5 9
      1 b 3 1 2
      1 b 32 1 1
      1 b 3 2 2
      1 b 3 3 1
      1 b 34 11 0
      1 b 34 11 3
      1 b 34 11 4
      1 b 34 12 0
      1 b 34 14 0
      1 b 34 15 1
      1 b 34 16 1
      1 b 34 17 1
      1 b 34 18 1
      1 b 34 20 1
      1 b 34 21 1
      1 b 34 4 1
      1 b 34 4 3
      1 b 34 5 5
      1 b 34 5 7
      1 b 34 6 3
      1 b 34 7 0
      1 b 34 8 1
      1 b 36 1 6
      1 b 3 7 1
      1 b 38 1 3
      1 b 38 1 4
      1 b 38 2 1
      1 b 38 5 1
      1 b 40 10 1
      1 b 40 11 1
      1 b 40 12 1
      1 b 40 17 1
      1 b 40 3 0
      1 b 40 3 2
      1 b 40 4 10
      1 b 40 4 13
      1 b 40 4 14
      1 b 40 4 15
      1 b 40 4 8
      1 b 40 4 9
      1 b 41 1 2
      1 b 41 1 3
      1 b 41 1 4
      1 b 42 2 2
      1 b 42 2 3
      1 b 42 5 2
      1 b 42 6 0
      1 b 42 7 0
      1 b 42 7 1
      1 b 42 8 0
      1 b 43 2 1
      1 b 43 3 3
      1 b 43 3 4
      1 b 43 3 5
      1 b 43 3 6
      1 b 45 1 3
      1 b 45 2 2
      1 b 45 3 1
      1 b 46 1 2
      1 b 48 1 1
      1 b 50 1 3
      1 b 5 1 1
      1 b 52 1 3
      1 b 53 1 2
      1 b 54 1 1
      1 b 55 1 10
      1 b 55 1 11
      1 b 55 1 7
      1 b 55 1 8
      1 b 55 2 1
      1 b 55 3 1
      1 b 57 1 0
      1 b 59 1 1
      1 b 60 1 3
      1 b 60 1 5
      1 b 60 1 7
      1 b 61 2 0
      1 b 6 1 6
      1 b 6 1 7
      1 b 61 8 1
      1 b 62 1 2
      1 b 62 1 3
      1 b 62 1 4
      1 b 67 1 0
      1 b 67 1 1
      1 b 67 2 5
      1 b 67 3 1
      1 b 68 11 1
      1 b 68 1 2
      1 b 68 2 1
      1 b 68 4 0
      1 b 68 6 0
      1 b 68 6 2
      1 b 68 6 3
      1 b 68 7 1
      1 b 68 8 0
      1 b 68 8 1
      1 b 68 9 0
      1 b 69 1 0
      1 b 69 10 1
      1 b 69 1 1
      1 b 69 11 1
      1 b 69 2 0
      1 b 69 2 3
      1 b 69 4 2
      1 b 69 5 1
      1 b 69 5 2
      1 b 69 6 1
      1 b 69 7 2
      1 b 69 8 0
      1 b 69 9 1
      1 b 71 1 5
      1 b 7 1 3
      1 b 72 3 1
      1 b 73 1 1
      1 b 7 4 1
      1 b 7 5 1
      1 b 77 1 1
      1 b 77 4 1
      1 b 80 1 10
      1 b 80 1 11
      1 b 80 1 6
      1 b 80 1 8
      1 b 80 1 9
      1 b 80 2 1
      1 b 80 3 1
      1 b 80 5 0
      1 b 80 6 1
      1 b 80 8 0
      1 b 81 1 7
      1 b 81 1 8
      1 b 81 3 1
      1 b 81 4 1
      1 b 82 1 15
      1 b 82 1 17
      1 b 82 1 18
      1 b 82 1 22
      1 b 82 1 24
      1 b 82 1 4
      1 b 82 1 8
      1 b 82 2 11
      1 b 82 2 3
      1 b 82 2 4
      1 b 82 2 6
      1 b 82 2 7
      1 b 82 3 1
      1 b 82 3 3
      1 b 82 4 1
      1 b 83 1 0
      1 b 83 1 1
      1 b 83 1 2
      1 b 84 3 2
      1 b 85 1 0
      1 b 85 3 0
      1 b 85 5 1
      1 b 85 6 0
      1 b 85 7 3
      1 b 86 1 1
      1 b 87 1 2
      1 b 88 1 4
      1 b 88 2 0
      1 b 90 1 1
      1 b 91 1 0
      1 b 92 1 11
      1 b 92 1 2
      1 b 92 1 7
      1 b 92 1 8
      1 b 94 1 1
      1 c 10 1 2
      1 c 102 1 1
      1 c 10 2 2
      1 c 10 2 3
      1 c 10 2 6
      1 c 10 2 8
      1 c 10 3 1
      1 c 104 1 0
      1 c 105 1 1
      1 c 107 1 2
      1 c 108 1 11
      1 c 108 1 13
      1 c 108 1 15
      1 c 108 1 18
      1 c 108 1 20
      1 c 108 1 23
      1 c 108 1 24
      1 c 108 1 25
      1 c 108 1 5
      1 c 1 10 7
      1 c 111 1 0
      1 c 111 1 1
      1 c 112 1 1
      1 c 1 12 9
      1 c 114 1 0
      1 c 115 1 1
      1 c 1 15 5
      1 c 1 15 6
      1 c 1 15 7
      1 c 116 1 2
      1 c 116 1 8
      1 c 118 1 0
      1 c 118 1 1
      1 c 1 19 2
      1 c 1 19 4
      1 c 120 1 3
      1 c 1 23 0
      1 c 1 23 2
      1 c 124 1 7
      1 c 1 25 1
      1 c 125 1 1
      1 c 126 1 1
      1 c 127 1 1
      1 c 1 28 1
      1 c 128 1 1
      1 c 1 28 2
      1 c 1 28 3
      1 c 1 29 1
      1 c 129 1 2
      1 c 129 1 4
      1 c 129 1 5
      1 c 1 3 0
      1 c 1 30 0
      1 c 1 30 1
      1 c 130 1 0
      1 c 130 1 1
      1 c 13 2 0
      1 c 1 33 1
      1 c 1 34 1
      1 c 138 1 1
      1 c 140 1 1
      1 c 140 1 2
      1 c 141 1 0
      1 c 141 1 1
      1 c 142 1 0
      1 c 142 1 1
      1 c 143 1 0
      1 c 144 1 0
      1 c 144 1 1
      1 c 145 1 0
      1 c 145 1 1
      1 c 147 1 1
      1 c 148 1 1
      1 c 150 1 1
      1 c 150 1 2
      1 c 15 1 0
      1 c 15 1 5
      1 c 152 1 1
      1 c 153 1 1
      1 c 155 1 1
      1 c 16 1 0
      1 c 1 6 2
      1 c 17 1 0
      1 c 17 1 2
      1 c 1 8 11
      1 c 1 8 12
      1 c 18 1 3
      1 c 1 8 14
      1 c 18 1 4
      1 c 1 8 15
      1 c 1 8 9
      1 c 1 9 11
      1 c 19 1 2
      1 c 1 9 13
      1 c 19 1 3
      1 c 1 9 14
      1 c 1 9 16
      1 c 1 9 4
      1 c 1 9 5
      1 c 1 9 7
      1 c 20 1 1
      1 c 2 1 11
      1 c 2 1 12
      1 c 23 10 1
      1 c 23 10 2
      1 c 23 10 4
      1 c 23 10 6
      1 c 23 10 8
      1 c 23 11 0
      1 c 23 1 2
      1 c 23 1 3
      1 c 23 1 4
      1 c 23 14 2
      1 c 23 1 5
      1 c 23 1 6
      1 c 23 16 3
      1 c 23 16 4
      1 c 23 16 5
      1 c 23 16 6
      1 c 23 1 7
      1 c 23 3 1
      1 c 23 5 5
      1 c 23 5 6
      1 c 23 5 7
      1 c 24 1 1
      1 c 25 1 5
      1 c 30 1 3
      1 c 30 1 7
      1 c 31 1 6
      1 c 3 1 7
      1 c 36 1 12
      1 c 36 1 8
      1 c 37 1 17
      1 c 37 1 18
      1 c 37 1 21
      1 c 37 1 22
      1 c 37 1 23
      1 c 37 1 3
      1 c 40 1 1
      1 c 45 1 4
      1 c 45 1 5
      1 c 46 1 4
      1 c 47 1 14
      1 c 47 1 17
      1 c 47 1 18
      1 c 47 1 19
      1 c 47 1 21
      1 c 47 1 22
      1 c 47 1 24
      1 c 47 2 1
      1 c 48 1 3
      1 c 51 2 1
      1 c 51 5 1
      1 c 51 6 1
      1 c 51 6 2
      1 c 52 1 1
      1 c 52 1 10
      1 c 52 1 11
      1 c 52 1 12
      1 c 52 1 13
      1 c 52 1 16
      1 c 52 1 19
      1 c 52 1 21
      1 c 52 1 22
      1 c 52 1 23
      1 c 52 1 24
      1 c 52 1 25
      1 c 52 1 26
      1 c 52 1 29
      1 c 52 1 3
      1 c 52 1 30
      1 c 52 1 31
      1 c 52 1 4
      1 c 52 1 5
      1 c 52 1 6
      1 c 52 1 8
      1 c 52 1 9
      1 c 52 3 1
      1 c 52 4 1
      1 c 55 1 11
      1 c 55 3 11
      1 c 55 3 12
      1 c 55 3 13
      1 c 55 3 17
      1 c 55 3 18
      1 c 55 3 3
      1 c 55 3 7
      1 c 55 5 2
      1 c 55 7 0
      1 c 56 1 1
      1 c 56 1 2
      1 c 56 5 2
      1 c 56 8 1
      1 c 58 1 4
      1 c 62 1 3
      1 c 62 1 4
      1 c 62 1 5
      1 c 6 2 2
      1 c 6 2 7
      1 c 6 2 8
      1 c 6 3 0
      1 c 6 3 2
      1 c 64 1 1
      1 c 66 1 19
      1 c 66 1 2
      1 c 66 1 22
      1 c 66 1 27
      1 c 66 1 29
      1 c 66 1 33
      1 c 66 1 34
      1 c 66 1 35
      1 c 66 1 37
      1 c 66 1 39
      1 c 66 1 4
      1 c 66 1 40
      1 c 66 1 47
      1 c 66 1 49
      1 c 66 1 50
      1 c 66 1 52
      1 c 66 1 54
      1 c 66 1 56
      1 c 66 1 57
      1 c 66 1 58
      1 c 66 1 59
      1 c 66 1 62
      1 c 66 1 8
      1 c 67 1 5
      1 c 67 1 8
      1 c 67 2 1
      1 c 67 3 1
      1 c 68 1 1
      1 c 68 1 10
      1 c 68 1 15
      1 c 68 1 16
      1 c 68 1 17
      1 c 68 1 18
      1 c 68 1 19
      1 c 68 1 20
      1 c 68 1 21
      1 c 68 1 4
      1 c 69 1 15
      1 c 69 1 23
      1 c 69 1 27
      1 c 69 1 28
      1 c 69 1 29
      1 c 69 1 31
      1 c 69 1 32
      1 c 69 1 33
      1 c 69 1 34
      1 c 69 1 35
      1 c 69 1 37
      1 c 69 1 38
      1 c 69 1 39
      1 c 69 1 41
      1 c 69 1 42
      1 c 7 1 3
      1 c 7 1 4
      1 c 7 1 5
      1 c 76 1 0
      1 c 76 1 3
      1 c 76 1 4
      1 c 76 1 5
      1 c 77 1 4
      1 c 81 1 0
      1 c 8 1 2
      1 c 82 1 2
      1 c 8 2 2
      1 c 8 2 3
      1 c 8 3 1
      1 c 85 1 2
      1 c 8 7 0
      1 c 87 1 1
      1 c 87 1 11
      1 c 87 1 12
      1 c 87 1 2
      1 c 87 1 6
      1 c 87 1 7
      1 c 8 9 1
      1 c 89 1 0
      1 c 9 2 1
      1 c 92 1 0
      1 c 92 1 2
      1 c 92 1 3
      1 c 92 2 1
      1 c 92 3 1
      1 c 97 1 3
      1 c 97 1 5
      1 c 98 1 0
      1 c 98 2 2
      1 c 99 1 1
      1 d 100 1 0
      1 d 100 1 2
      1 d 10 1 1
      1 d 10 1 2
      1 d 10 1 4
      1 d 104 1 4
      1 d 105 1 2
      1 d 106 1 2
      1 d 106 1 3
      1 d 107 1 0
      1 d 107 1 1
      1 d 107 1 3
      1 d 107 1 4
      1 d 108 1 11
      1 d 108 1 5
      1 d 108 1 6
      1 d 108 1 8
      1 d 108 1 9
      1 d 109 3 1
      1 d 110 10 1
      1 d 110 2 3
      1 d 110 2 4
      1 d 110 3 5
      1 d 110 4 0
      1 d 110 4 3
      1 d 110 5 1
      1 d 110 7 0
      1 d 110 9 1
      1 d 112 1 2
      1 d 113 1 7
      1 d 121 1 1
      1 d 123 1 1
      1 d 124 1 0
      1 d 125 1 1
      1 d 126 1 3
      1 d 126 1 5
      1 d 126 1 7
      1 d 128 1 4
      1 d 129 10 1
      1 d 129 11 0
      1 d 129 11 1
      1 d 129 1 2
      1 d 129 3 7
      1 d 129 3 9
      1 d 129 4 1
      1 d 129 5 1
      1 d 129 6 0
      1 d 129 8 1
      1 d 129 9 1
      1 d 13 1 4
      1 d 13 1 5
      1 d 13 2 0
      1 d 13 2 1
      1 d 133 1 0
      1 d 135 1 0
      1 d 136 1 0
      1 d 136 1 1
      1 d 136 1 5
      1 d 14 1 12
      1 d 14 1 6
      1 d 142 1 8
      1 d 142 2 5
      1 d 144 1 3
      1 d 144 1 5
      1 d 144 1 9
      1 d 147 1 1
      1 d 149 1 0
      1 d 15 12 0
      1 d 15 12 1
      1 d 15 14 1
      1 d 15 15 1
      1 d 15 1 7
      1 d 15 1 8
      1 d 153 1 7
      1 d 153 2 1
      1 d 15 3 3
      1 d 15 3 4
      1 d 154 1 1
      1 d 154 1 2
      1 d 155 1 1
      1 d 155 1 2
      1 d 156 1 0
      1 d 156 1 2
      1 d 157 1 11
      1 d 157 1 12
      1 d 157 1 13
      1 d 157 1 14
      1 d 157 1 15
      1 d 157 1 4
      1 d 157 1 6
      1 d 157 1 8
      1 d 157 1 9
      1 d 15 8 0
      1 d 15 8 1
      1 d 15 9 1
      1 d 159 1 10
      1 d 159 1 12
      1 d 159 1 4
      1 d 159 1 8
      1 d 161 1 0
      1 d 16 1 8
      1 d 164 1 0
      1 d 166 1 3
      1 d 166 1 4
      1 d 166 1 5
      1 d 166 1 6
      1 d 166 1 7
      1 d 170 1 1
      1 d 170 1 2
      1 d 170 2 1
      1 d 17 1 4
      1 d 173 1 0
      1 d 173 1 1
      1 d 173 1 2
      1 d 17 4 11
      1 d 17 4 12
      1 d 17 4 14
      1 d 17 4 15
      1 d 17 4 17
      1 d 17 4 19
      1 d 17 4 21
      1 d 17 4 22
      1 d 17 4 23
      1 d 17 4 24
      1 d 17 4 27
      1 d 17 4 29
      1 d 17 4 30
      1 d 17 4 5
      1 d 17 4 6
      1 d 17 6 1
      1 d 17 6 2
      1 d 17 6 3
      1 d 17 6 4
      1 d 17 6 5
      1 d 17 7 1
      1 d 180 1 1
      1 d 18 1 1
      1 d 182 1 1
      1 d 183 1 1
      1 d 186 1 1
      1 d 186 2 1
      1 d 190 1 1
      1 d 190 1 3
      1 d 192 1 1
      1 d 194 1 3
      1 d 195 1 1
      1 d 196 1 1
      1 d 197 1 1
      1 d 198 1 2
      1 d 198 5 1
      1 d 198 5 2
      1 d 199 1 1
      1 d 200 1 1
      1 d 201 1 0
      1 d 207 1 0
      1 d 207 1 1
      1 d 209 1 1
      1 d 2 1 11
      1 d 212 1 0
      1 d 213 1 0
      1 d 2 1 4
      1 d 214 1 1
      1 d 215 1 0
      1 d 216 1 0
      1 d 216 1 1
      1 d 217 1 2
      1 d 2 1 8
      1 d 218 1 1
      1 d 218 1 10
      1 d 218 1 11
      1 d 218 1 13
      1 d 218 1 14
      1 d 218 1 7
      1 d 218 1 9
      1 d 221 1 1
      1 d 22 1 2
      1 d 223 1 0
      1 d 226 1 1
      1 d 230 1 2
      1 d 230 3 0
      1 d 230 4 1
      1 d 230 8 1
      1 d 230 9 1
      1 d 23 1 2
      1 d 234 1 1
      1 d 235 1 0
      1 d 235 1 1
      1 d 236 1 1
      1 d 237 1 1
      1 d 238 1 1
      1 d 239 1 1
      1 d 240 1 0
      1 d 241 1 0
      1 d 24 1 6
      1 d 242 1 1
      1 d 243 1 2
      1 d 244 1 0
      1 d 244 1 1
      1 d 247 1 1
      1 d 248 1 0
      1 d 249 1 1
      1 d 250 1 2
      1 d 25 1 0
      1 d 251 1 1
      1 d 253 1 1
      1 d 257 1 1
      1 d 258 1 0
      1 d 259 1 1
      1 d 260 1 0
      1 d 260 1 1
      1 d 261 1 0
      1 d 261 1 1
      1 d 26 1 3
      1 d 26 2 1
      1 d 262 1 1
      1 d 263 1 1
      1 d 264 1 2
      1 d 264 1 3
      1 d 265 1 0
      1 d 265 1 1
      1 d 265 1 4
      1 d 266 1 1
      1 d 267 1 0
      1 d 267 1 1
      1 d 268 1 1
      1 d 268 1 3
      1 d 270 1 1
      1 d 271 1 1
      1 d 272 1 1
      1 d 274 1 1
      1 d 276 1 1
      1 d 277 1 1
      1 d 278 1 0
      1 d 278 1 1
      1 d 278 1 3
      1 d 279 1 0
      1 d 281 1 1
      1 d 282 1 1
      1 d 283 1 0
      1 d 284 1 2
      1 d 287 1 1
      1 d 290 1 1
      1 d 290 1 2
      1 d 29 1 1
      1 d 291 1 1
      1 d 292 1 1
      1 d 293 1 0
      1 d 294 1 1
      1 d 296 1 1
      1 d 296 1 2
      1 d 297 1 1
      1 d 300 1 1
      1 d 300 1 2
      1 d 30 1 1
      1 d 303 1 0
      1 d 304 1 1
      1 d 304 1 2
      1 d 307 1 1
      1 d 308 1 2
      1 d 308 1 3
      1 d 310 1 0
      1 d 3 1 10
      1 d 3 1 11
      1 d 311 1 1
      1 d 3 1 12
      1 d 3 1 13
      1 d 3 1 14
      1 d 3 1 15
      1 d 3 1 17
      1 d 3 1 18
      1 d 3 1 19
      1 d 3 1 2
      1 d 3 1 20
      1 d 3 1 21
      1 d 312 1 1
      1 d 313 1 0
      1 d 313 1 1
      1 d 315 1 1
      1 d 316 1 0
      1 d 317 1 1
      1 d 3 1 8
      1 d 319 1 1
      1 d 320 1 1
      1 d 321 1 1
      1 d 32 1 4
      1 d 32 1 5
      1 d 32 1 6
      1 d 32 1 8
      1 d 32 1 9
      1 d 322 1 1
      1 d 323 1 1
      1 d 323 1 2
      1 d 326 1 0
      1 d 327 1 1
      1 d 329 1 1
      1 d 330 1 1
      1 d 33 1 0
      1 d 331 1 1
      1 d 333 1 0
      1 d 334 1 1
      1 d 335 1 1
      1 d 336 1 1
      1 d 337 1 1
      1 d 338 1 1
      1 d 339 1 1
      1 d 340 1 1
      1 d 341 1 1
      1 d 342 1 1
      1 d 343 1 1
      1 d 344 1 3
      1 d 344 1 4
      1 d 345 1 1
      1 d 348 1 0
      1 d 349 1 1
      1 d 350 1 1
      1 d 35 1 0
      1 d 35 1 1
      1 d 351 1 1
      1 d 352 1 1
      1 d 354 1 1
      1 d 355 1 1
      1 d 356 1 1
      1 d 357 1 1
      1 d 357 1 2
      1 d 358 1 1
      1 d 359 1 1
      1 d 360 1 1
      1 d 36 1 1
      1 d 361 1 0
      1 d 362 1 1
      1 d 364 1 1
      1 d 365 1 1
      1 d 368 1 1
      1 d 371 1 1
      1 d 372 1 1
      1 d 373 1 1
      1 d 374 1 1
      1 d 375 1 1
      1 d 376 1 1
      1 d 377 1 1
      1 d 378 1 1
      1 d 380 1 1
      1 d 383 1 1
      1 d 384 1 1
      1 d 385 1 1
      1 d 386 1 0
      1 d 386 1 1
      1 d 387 1 0
      1 d 388 1 0
      1 d 394 1 1
      1 d 395 1 1
      1 d 397 1 0
      1 d 398 1 1
      1 d 400 1 1
      1 d 40 1 0
      1 d 401 1 1
      1 d 403 1 1
      1 d 4 1 5
      1 d 4 1 7
      1 d 43 2 1
      1 d 49 1 0
      1 d 50 1 3
      1 d 50 3 1
      1 d 50 3 2
      1 d 50 3 3
      1 d 50 4 1
      1 d 50 5 1
      1 d 52 3 0
      1 d 52 4 1
      1 d 52 5 1
      1 d 52 9 0
      1 d 52 9 1
      1 d 57 1 1
      1 d 58 11 3
      1 d 58 1 3
      1 d 58 1 6
      1 d 58 16 0
      1 d 58 16 2
      1 d 58 18 12
      1 d 58 18 14
      1 d 58 18 7
      1 d 58 2 0
      1 d 58 21 1
      1 d 58 22 1
      1 d 58 25 1
      1 d 58 26 1
      1 d 58 26 2
      1 d 58 26 4
      1 d 58 26 6
      1 d 58 27 1
      1 d 58 29 2
      1 d 58 32 2
      1 d 58 32 3
      1 d 58 32 4
      1 d 58 32 5
      1 d 58 32 6
      1 d 58 3 3
      1 d 58 39 1
      1 d 58 4 1
      1 d 58 41 1
      1 d 58 4 12
      1 d 58 4 15
      1 d 58 4 16
      1 d 58 4 18
      1 d 58 4 20
      1 d 58 4 21
      1 d 58 4 23
      1 d 58 4 3
      1 d 58 43 1
      1 d 58 4 6
      1 d 58 46 1
      1 d 58 4 7
      1 d 58 47 1
      1 d 58 4 8
      1 d 58 48 0
      1 d 58 48 2
      1 d 58 4 9
      1 d 58 50 1
      1 d 58 52 0
      1 d 58 52 1
      1 d 58 53 1
      1 d 58 53 4
      1 d 58 53 5
      1 d 58 5 4
      1 d 58 54 1
      1 d 58 54 2
      1 d 58 5 5
      1 d 58 55 0
      1 d 58 55 1
      1 d 58 61 0
      1 d 58 62 1
      1 d 58 63 1
      1 d 58 64 1
      1 d 58 65 1
      1 d 58 7 3
      1 d 58 7 5
      1 d 60 1 0
      1 d 60 1 1
      1 d 60 1 2
      1 d 60 1 3
      1 d 60 1 4
      1 d 61 1 1
      1 d 61 1 2
      1 d 61 1 4
      1 d 62 1 1
      1 d 63 1 1
      1 d 65 1 1
      1 d 65 1 3
      1 d 65 1 4
      1 d 65 1 5
      1 d 66 1 6
      1 d 67 4 1
      1 d 68 1 0
      1 d 68 2 1
      1 d 68 6 2
      1 d 68 8 1
      1 d 70 1 1
      1 d 70 1 2
      1 d 7 1 1
      1 d 71 1 0
      1 d 71 1 1
      1 d 72 1 1
      1 d 74 4 2
      1 d 74 5 1
      1 d 79 6 1
      1 d 79 8 1
      1 d 80 1 2
      1 d 80 1 4
      1 d 80 1 5
      1 d 80 1 6
      1 d 81 1 4
      1 d 81 2 1
      1 d 81 2 2
      1 d 82 1 1
      1 d 82 2 0
      1 d 82 2 2
      1 d 82 3 1
      1 d 82 4 1
      1 d 82 5 1
      1 d 83 2 1
      1 d 84 1 1
      1 d 86 1 2
      1 d 88 1 0
      1 d 89 1 4
      1 d 90 1 2
      1 d 91 1 0
      1 d 91 1 1
      1 d 9 2 1
      1 d 92 1 1
      1 d 92 1 10
      1 d 92 1 16
      1 d 92 1 3
      1 d 92 1 8
      1 d 92 2 0
      1 d 94 2 0
      1 d 94 2 1
      1 d 95 1 1
      1 d 96 2 1
      1 d 96 2 2
      1 d 98 1 1
      1 e 10 1 0
      1 e 12 1 1
      1 e 13 1 0
      1 e 13 1 1
      1 e 13 1 2
      1 e 18 1 2
      1 e 19 1 2
      1 e 2 1 1
      1 e 27 1 1
      1 e 28 1 1
      1 e 28 1 2
      1 e 29 1 0
      1 e 34 1 1
      1 e 35 1 1
      1 e 37 1 0
      1 e 37 1 1
      1 e 39 1 0
      1 e 41 1 1
      1 e 42 1 1
      1 e 43 1 0
      1 e 43 1 1
      1 e 45 1 1
      1 e 46 1 1
      1 e 47 1 1
      1 e 48 1 1
      1 e 51 1 0
      1 e 5 1 2
      1 e 53 1 0
      1 e 54 1 1
      1 e 55 1 1
      1 e 56 1 1
      1 e 57 1 1
      1 e 58 1 1
      1 e 59 1 1
      1 e 60 1 0
      1 e 61 1 1
      1 e 62 1 0
      1 e 62 1 2
      1 e 63 1 0
      1 e 63 1 1
      1 e 63 1 2
      1 e 64 1 1
      1 e 65 1 1
      1 e 66 1 1
      1 e 67 1 1
      1 e 68 1 1
      1 e 69 1 1
      1 e 70 1 1
      1 e 71 1 1
      1 e 7 1 2
      1 e 72 1 1
      1 e 73 1 1
      1 e 76 1 1
      1 e 76 1 2
      1 e 81 1 1
      1 e 8 1 3
      1 e 8 1 6
      1 e 83 1 1
      1 e 84 1 1
      1 f 1 2 1
      1 f 12 1 1
      1 f 13 1 4
      1 f 14 1 3
      1 f 14 2 1
      1 f 1 5 1
      1 f 16 1 1
      1 f 17 1 0
      1 f 17 2 0
      1 f 17 3 1
      1 f 17 5 1
      1 f 17 6 1
      1 f 17 6 2
      1 f 18 1 1
      1 f 21 1 1
      1 f 21 2 1
      1 f 21 3 1
      1 f 22 1 1
      1 f 23 1 1
      1 f 23 11 0
      1 f 23 21 1
      1 f 23 22 1
      1 f 23 30 1
      1 f 23 3 1
      1 f 23 32 0
      1 f 23 33 0
      1 f 23 4 1
      1 f 23 41 1
      1 f 23 5 1
      1 f 23 6 1
      1 f 23 7 1
      1 f 23 9 1
      1 f 25 1 0
      1 f 30 1 1
      1 f 32 1 0
      1 f 34 1 1
      1 f 38 1 1
      1 f 38 1 2
      1 f 38 1 4
      1 f 40 1 0
      1 f 4 1 2
      1 f 4 1 4
      1 f 4 2 1
      1 f 42 1 1
      1 f 4 3 4
      1 f 4 4 0
      1 f 4 4 1
      1 f 44 1 0
      1 f 44 1 1
      1 f 4 4 2
      1 f 4 5 1
      1 f 4 6 1
      1 f 46 1 1
      1 f 47 1 1
      1 f 48 1 1
      1 f 50 1 1
      1 f 52 1 1
      1 f 53 1 1
      1 f 54 1 0
      1 f 54 1 1
      1 f 56 1 0
      1 f 57 1 1
      1 f 59 1 1
      1 f 60 1 1
      1 f 6 1 2
      1 f 64 1 1
      1 f 65 1 1
      1 f 66 1 1
      1 f 66 1 2
      1 f 68 1 1
      1 f 68 1 2
      1 f 69 1 2
      1 f 71 1 0
      1 f 72 1 0
      1 f 8 1 1
      1 f 8 1 2
      1 f 8 1 3
      1 g 100 1 1
      1 g 10 1 2
      1 g 10 1 3
      1 g 103 1 1
      1 g 11 1 1
      1 g 16 3 1
      1 g 17 1 5
      1 g 17 1 6
      1 g 17 1 7
      1 g 19 1 2
      1 g 20 1 0
      1 g 2 1 1
      1 g 2 2 1
      1 g 22 1 2
      1 g 2 3 1
      1 g 2 4 1
      1 g 25 1 1
      1 g 26 1 1
      1 g 27 1 2
      1 g 28 1 0
      1 g 29 1 1
      1 g 31 1 1
      1 g 31 1 2
      1 g 3 11 7
      1 g 3 14 0
      1 g 3 15 0
      1 g 3 17 1
      1 g 3 18 1
      1 g 32 1 0
      1 g 33 1 1
      1 g 3 3 4
      1 g 3 4 1
      1 g 3 6 5
      1 g 37 1 3
      1 g 37 1 5
      1 g 37 1 6
      1 g 37 1 7
      1 g 3 7 3
      1 g 3 8 1
      1 g 39 1 10
      1 g 39 1 12
      1 g 39 1 13
      1 g 39 1 15
      1 g 39 1 16
      1 g 39 1 17
      1 g 39 1 18
      1 g 39 1 4
      1 g 39 1 6
      1 g 39 1 9
      1 g 41 11 0
      1 g 41 13 1
      1 g 41 14 1
      1 g 41 15 1
      1 g 41 3 4
      1 g 41 3 5
      1 g 41 5 3
      1 g 41 6 1
      1 g 41 7 0
      1 g 41 8 2
      1 g 41 8 3
      1 g 41 8 4
      1 g 41 8 7
      1 g 41 8 8
      1 g 41 9 2
      1 g 41 9 3
      1 g 44 1 4
      1 g 45 1 0
      1 g 45 1 1
      1 g 45 1 2
      1 g 46 1 0
      1 g 47 1 1
      1 g 48 1 1
      1 g 49 1 2
      1 g 49 1 3
      1 g 50 1 3
      1 g 5 1 1
      1 g 5 1 2
      1 g 52 1 0
      1 g 55 1 1
      1 g 58 1 1
      1 g 59 1 0
      1 g 6 1 1
      1 g 62 1 1
      1 g 63 1 1
      1 g 65 1 1
      1 g 70 1 1
      1 g 71 1 1
      1 g 7 1 2
      1 g 73 1 1
      1 g 75 1 1
      1 g 77 1 2
      1 g 78 1 1
      1 g 8 1 3
      1 g 82 1 1
      1 g 84 1 1
      1 g 85 1 2
      1 g 87 1 1
      1 g 88 1 1
      1 g 88 2 0
      1 g 9 1 2
      1 g 92 1 1
      1 g 93 1 0
      1 g 93 1 1
      2 a 100 1 4
      2 a 100 1 6
      2 a 102 1 4
      2 a 102 1 5
      2 a 102 1 9
      2 a 102 4 1
      2 a 102 5 1
      2 a 110 1 1
      2 a 113 1 1
      2 a 116 1 2
      2 a 117 1 1
      2 a 118 1 16
      2 a 118 1 17
      2 a 118 1 20
      2 a 118 12 1
      2 a 118 1 22
      2 a 118 1 23
      2 a 118 1 28
      2 a 118 1 29
      2 a 118 1 6
      2 a 118 17 1
      2 a 118 17 2
      2 a 118 18 1
      2 a 118 19 1
      2 a 118 26 1
      2 a 118 28 1
      2 a 118 29 1
      2 a 118 8 4
      2 a 118 8 7
      2 a 118 9 1
      2 a 118 9 3
      2 a 1 2 0
      2 a 12 1 1
      2 a 130 1 2
      2 a 131 1 1
      2 a 132 1 2
      2 a 132 1 4
      2 a 134 1 1
      2 a 137 7 1
      2 a 137 9 1
      2 a 138 1 2
      2 a 140 3 2
      2 a 140 5 1
      2 a 142 1 1
      2 a 143 1 1
      2 a 144 1 0
      2 a 145 1 1
      2 a 146 1 1
      2 a 152 1 1
      2 a 152 1 4
      2 a 154 1 1
      2 a 156 1 0
      2 a 157 1 0
      2 a 160 1 0
      2 a 160 1 1
      2 a 160 1 2
      2 a 160 1 6
      2 a 164 1 1
      2 a 165 1 1
      2 a 169 1 1
      2 a 170 1 1
      2 a 175 1 0
      2 a 175 1 1
      2 a 183 1 0
      2 a 193 1 1
      2 a 20 1 1
      2 a 202 1 1
      2 a 204 1 1
      2 a 207 1 1
      2 a 208 1 1
      2 a 209 1 0
      2 a 2 1 1
      2 a 211 1 4
      2 a 2 15 1
      2 a 2 16 1
      2 a 2 17 1
      2 a 2 17 2
      2 a 2 17 3
      2 a 2 21 1
      2 a 22 1 4
      2 a 223 1 1
      2 a 23 2 1
      2 a 23 5 1
      2 a 238 1 4
      2 a 240 1 1
      2 a 24 10 3
      2 a 24 16 2
      2 a 24 16 3
      2 a 24 17 1
      2 a 24 19 1
      2 a 24 22 1
      2 a 246 1 1
      2 a 24 7 1
      2 a 247 1 1
      2 a 24 8 1
      2 a 2 5 1
      2 a 25 1 3
      2 a 257 1 1
      2 a 260 1 1
      2 a 261 1 1
      2 a 266 1 0
      2 a 266 1 2
      2 a 269 1 1
      2 a 271 1 1
      2 a 2 7 2
      2 a 274 1 1
      2 a 28 1 2
      2 a 28 1 3
      2 a 28 3 2
      2 a 285 1 1
      2 a 2 9 1
      2 a 29 10 1
      2 a 29 12 0
      2 a 29 14 1
      2 a 29 16 1
      2 a 292 1 1
      2 a 293 1 0
      2 a 293 1 1
      2 a 29 5 1
      2 a 29 6 1
      2 a 29 8 2
      2 a 300 1 1
      2 a 30 2 0
      2 a 30 7 1
      2 a 3 1 6
      2 a 3 1 8
      2 a 33 1 1
      2 a 35 1 13
      2 a 35 1 6
      2 a 36 1 0
      2 a 37 1 1
      2 a 39 1 11
      2 a 39 3 1
      2 a 41 1 1
      2 a 4 12 1
      2 a 4 12 2
      2 a 4 13 1
      2 a 4 13 3
      2 a 4 14 1
      2 a 4 1 6
      2 a 4 5 1
      2 a 4 5 17
      2 a 4 5 20
      2 a 4 5 25
      2 a 4 5 37
      2 a 4 5 50
      2 a 4 5 55
      2 a 4 5 60
      2 a 4 5 62
      2 a 4 5 67
      2 a 4 5 68
      2 a 4 5 7
      2 a 4 5 75
      2 a 4 5 79
      2 a 4 5 81
      2 a 4 5 85
      2 a 4 5 86
      2 a 46 2 0
      2 a 4 6 3
      2 a 47 4 0
      2 a 48 1 0
      2 a 48 2 1
      2 a 48 3 1
      2 a 4 9 1
      2 a 55 1 2
      2 a 5 6 1
      2 a 5 7 0
      2 a 5 7 1
      2 a 57 1 1
      2 a 5 8 0
      2 a 60 12 1
      2 a 60 1 3
      2 a 60 13 1
      2 a 60 14 1
      2 a 60 15 1
      2 a 60 16 1
      2 a 60 2 6
      2 a 60 2 7
      2 a 60 4 2
      2 a 60 5 1
      2 a 60 7 0
      2 a 60 8 3
      2 a 60 8 4
      2 a 6 1 1
      2 a 61 1 4
      2 a 61 1 6
      2 a 62 1 0
      2 a 63 1 1
      2 a 69 2 1
      2 a 69 3 1
      2 a 7 11 1
      2 a 71 1 1
      2 a 7 12 0
      2 a 71 2 1
      2 a 7 13 1
      2 a 7 15 1
      2 a 7 16 1
      2 a 7 17 1
      2 a 74 1 3
      2 a 7 5 1
      2 a 7 6 1
      2 a 77 1 4
      2 a 78 1 1
      2 a 7 8 2
      2 a 8 10 1
      2 a 81 1 1
      2 a 8 3 1
      2 a 85 1 1
      2 a 8 6 1
      2 a 87 1 0
      2 a 8 9 1
      2 a 90 1 0
      2 a 93 1 3
      2 a 96 1 1
      2 a 96 1 4
      2 a 96 1 6
      2 a 98 1 1
      2 b 105 1 1
      2 b 106 1 2
      2 b 108 1 4
      2 b 110 1 1
      2 b 1 10 3
      2 b 111 1 1
      2 b 112 1 1
      2 b 1 16 0
      2 b 117 1 1
      2 b 1 18 15
      2 b 1 18 17
      2 b 1 18 3
      2 b 1 18 6
      2 b 1 20 1
      2 b 12 1 1
      2 b 121 1 1
      2 b 121 2 1
      2 b 121 2 3
      2 b 121 4 8
      2 b 122 1 10
      2 b 122 1 14
      2 b 123 1 0
      2 b 125 1 1
      2 b 1 26 0
      2 b 1 26 1
      2 b 1 29 2
      2 b 1 29 4
      2 b 1 29 5
      2 b 1 29 6
      2 b 1 29 7
      2 b 1 29 8
      2 b 1 30 1
      2 b 132 1 0
      2 b 1 33 0
      2 b 134 1 1
      2 b 138 1 0
      2 b 138 1 1
      2 b 139 1 1
      2 b 140 1 1
      2 b 14 1 1
      2 b 143 1 1
      2 b 145 1 0
      2 b 145 1 1
      2 b 150 1 0
      2 b 151 1 0
      2 b 15 1 3
      2 b 159 2 1
      2 b 1 6 3
      2 b 164 1 1
      2 b 167 1 0
      2 b 170 1 1
      2 b 171 1 0
      2 b 17 1 2
      2 b 179 1 0
      2 b 18 1 1
      2 b 18 1 18
      2 b 18 1 21
      2 b 18 1 22
      2 b 18 1 24
      2 b 18 1 27
      2 b 18 1 33
      2 b 1 9 0
      2 b 20 1 1
      2 b 21 1 3
      2 b 23 3 0
      2 b 23 4 1
      2 b 2 3 5
      2 b 2 3 6
      2 b 25 1 0
      2 b 2 5 6
      2 b 2 5 7
      2 b 26 1 4
      2 b 2 7 0
      2 b 2 9 0
      2 b 29 1 15
      2 b 29 1 19
      2 b 29 1 20
      2 b 29 1 5
      2 b 29 1 8
      2 b 30 5 1
      2 b 30 5 3
      2 b 30 5 5
      2 b 30 5 6
      2 b 30 6 1
      2 b 3 2 0
      2 b 3 2 1
      2 b 34 10 0
      2 b 34 11 2
      2 b 34 1 3
      2 b 34 19 1
      2 b 34 3 0
      2 b 34 6 1
      2 b 34 8 0
      2 b 34 9 4
      2 b 3 5 0
      2 b 35 1 0
      2 b 35 2 1
      2 b 36 1 2
      2 b 36 1 3
      2 b 36 1 5
      2 b 3 8 1
      2 b 38 3 1
      2 b 38 4 1
      2 b 40 13 1
      2 b 40 15 0
      2 b 40 6 1
      2 b 40 7 0
      2 b 40 7 1
      2 b 40 8 1
      2 b 40 9 1
      2 b 42 3 1
      2 b 42 6 1
      2 b 43 5 2
      2 b 45 2 1
      2 b 52 1 2
      2 b 52 2 1
      2 b 55 1 6
      2 b 55 1 9
      2 b 58 1 2
      2 b 60 1 4
      2 b 60 1 8
      2 b 60 1 9
      2 b 61 2 1
      2 b 61 2 2
      2 b 61 3 1
      2 b 61 4 1
      2 b 61 5 1
      2 b 61 6 1
      2 b 6 2 1
      2 b 67 2 2
      2 b 67 2 3
      2 b 68 10 1
      2 b 68 3 1
      2 b 68 4 1
      2 b 68 5 1
      2 b 68 9 1
      2 b 69 13 1
      2 b 69 14 1
      2 b 69 15 1
      2 b 69 2 1
      2 b 69 2 2
      2 b 69 8 1
      2 b 70 2 1
      2 b 7 2 0
      2 b 7 3 0
      2 b 7 3 1
      2 b 80 1 2
      2 b 80 1 4
      2 b 80 1 7
      2 b 80 4 1
      2 b 80 5 1
      2 b 80 7 0
      2 b 8 1 0
      2 b 81 2 1
      2 b 82 1 10
      2 b 82 1 12
      2 b 82 1 13
      2 b 82 1 14
      2 b 82 1 20
      2 b 82 1 21
      2 b 82 1 5
      2 b 82 2 10
      2 b 82 2 12
      2 b 82 2 2
      2 b 82 2 8
      2 b 82 5 2
      2 b 85 7 2
      2 b 87 1 0
      2 b 88 1 1
      2 b 88 1 3
      2 b 92 1 0
      2 b 92 1 6
      2 b 95 1 1
      2 b 96 1 1
      2 c 10 1 3
      2 c 10 2 4
      2 c 104 1 1
      2 c 106 1 1
      2 c 107 1 0
      2 c 108 1 12
      2 c 108 1 17
      2 c 108 1 21
      2 c 108 1 22
      2 c 108 1 3
      2 c 108 1 4
      2 c 108 1 9
      2 c 110 1 2
      2 c 1 10 6
      2 c 1 10 8
      2 c 1 12 2
      2 c 1 12 3
      2 c 113 1 1
      2 c 1 15 2
      2 c 116 1 6
      2 c 116 1 7
      2 c 1 16 2
      2 c 1 16 4
      2 c 1 18 1
      2 c 1 18 2
      2 c 1 19 1
      2 c 119 1 1
      2 c 119 1 2
      2 c 1 19 3
      2 c 120 1 0
      2 c 1 22 2
      2 c 1 24 1
      2 c 1 2 5
      2 c 1 27 1
      2 c 129 1 3
      2 c 1 3 1
      2 c 1 31 1
      2 c 1 32 1
      2 c 132 1 0
      2 c 132 1 1
      2 c 13 2 2
      2 c 133 1 1
      2 c 1 34 0
      2 c 134 1 0
      2 c 134 1 1
      2 c 136 1 1
      2 c 143 1 1
      2 c 146 1 0
      2 c 146 1 1
      2 c 149 1 0
      2 c 150 1 3
      2 c 15 1 1
      2 c 15 1 4
      2 c 1 9 8
      2 c 2 1 13
      2 c 23 10 5
      2 c 23 10 7
      2 c 23 10 9
      2 c 23 11 1
      2 c 23 12 2
      2 c 23 12 3
      2 c 23 14 0
      2 c 23 16 7
      2 c 23 16 8
      2 c 23 16 9
      2 c 24 1 0
      2 c 25 1 3
      2 c 26 1 2
      2 c 26 2 2
      2 c 26 2 5
      2 c 26 2 6
      2 c 26 3 1
      2 c 27 1 0
      2 c 30 1 4
      2 c 30 1 5
      2 c 30 1 9
      2 c 31 1 1
      2 c 3 1 6
      2 c 3 1 8
      2 c 37 1 15
      2 c 37 1 25
      2 c 37 1 26
      2 c 37 1 7
      2 c 38 1 1
      2 c 39 1 0
      2 c 4 1 2
      2 c 4 1 3
      2 c 44 2 1
      2 c 44 2 2
      2 c 45 1 3
      2 c 47 1 11
      2 c 47 1 16
      2 c 47 1 6
      2 c 47 1 7
      2 c 47 1 8
      2 c 49 1 2
      2 c 50 1 1
      2 c 50 1 3
      2 c 5 1 1
      2 c 51 1 2
      2 c 51 3 1
      2 c 51 3 2
      2 c 51 4 2
      2 c 51 4 3
      2 c 52 1 14
      2 c 52 1 15
      2 c 52 1 17
      2 c 52 1 2
      2 c 52 1 27
      2 c 52 1 28
      2 c 52 1 32
      2 c 52 1 33
      2 c 52 1 36
      2 c 52 1 7
      2 c 54 1 1
      2 c 54 1 2
      2 c 55 1 12
      2 c 55 1 15
      2 c 55 1 7
      2 c 55 2 0
      2 c 55 3 4
      2 c 55 3 9
      2 c 55 4 0
      2 c 55 5 0
      2 c 55 6 1
      2 c 55 7 1
      2 c 56 5 3
      2 c 56 5 5
      2 c 56 5 6
      2 c 56 5 8
      2 c 56 5 9
      2 c 56 6 1
      2 c 56 7 1
      2 c 59 1 2
      2 c 6 2 1
      2 c 62 1 2
      2 c 6 2 4
      2 c 6 3 1
      2 c 66 1 14
      2 c 66 1 15
      2 c 66 1 20
      2 c 66 1 23
      2 c 66 1 30
      2 c 66 1 31
      2 c 66 1 32
      2 c 66 1 42
      2 c 66 1 44
      2 c 66 1 53
      2 c 66 1 55
      2 c 66 1 60
      2 c 67 1 7
      2 c 68 1 2
      2 c 68 1 8
      2 c 69 1 24
      2 c 69 1 36
      2 c 69 1 4
      2 c 69 1 9
      2 c 7 1 2
      2 c 72 1 4
      2 c 72 2 2
      2 c 72 3 0
      2 c 72 3 1
      2 c 73 1 1
      2 c 74 1 2
      2 c 8 1 0
      2 c 8 10 1
      2 c 8 1 1
      2 c 8 4 1
      2 c 85 1 1
      2 c 8 6 1
      2 c 87 1 13
      2 c 87 1 9
      2 c 8 8 1
      2 c 94 1 3
      2 c 96 1 1
      2 c 97 3 0
      2 c 98 1 1
      2 c 98 2 1
      2 d 100 2 1
      2 d 102 1 0
      2 d 103 1 1
      2 d 104 1 2
      2 d 105 1 1
      2 d 108 1 3
      2 d 108 1 7
      2 d 109 2 1
      2 d 1 1 0
      2 d 110 3 8
      2 d 110 4 1
      2 d 110 4 4
      2 d 110 6 1
      2 d 110 6 3
      2 d 113 1 3
      2 d 113 1 4
      2 d 113 1 5
      2 d 113 1 6
      2 d 115 1 0
      2 d 120 1 2
      2 d 126 1 2
      2 d 126 1 4
      2 d 128 1 1
      2 d 128 1 3
      2 d 129 2 0
      2 d 129 3 10
      2 d 129 3 4
      2 d 129 3 8
      2 d 129 7 1
      2 d 13 1 3
      2 d 135 1 1
      2 d 136 1 2
      2 d 14 1 10
      2 d 14 1 11
      2 d 14 1 8
      2 d 142 1 10
      2 d 142 1 4
      2 d 142 1 6
      2 d 142 1 7
      2 d 142 2 0
      2 d 142 2 3
      2 d 142 2 4
      2 d 143 1 1
      2 d 145 1 2
      2 d 146 1 0
      2 d 146 1 1
      2 d 147 1 0
      2 d 150 1 1
      2 d 150 1 2
      2 d 15 10 1
      2 d 151 1 2
      2 d 151 1 3
      2 d 15 13 0
      2 d 15 1 6
      2 d 152 1 1
      2 d 154 1 0
      2 d 156 1 1
      2 d 157 1 5
      2 d 159 1 11
      2 d 159 1 5
      2 d 159 1 6
      2 d 159 1 9
      2 d 160 1 1
      2 d 16 1 7
      2 d 164 1 1
      2 d 169 1 2
      2 d 169 1 3
      2 d 169 1 7
      2 d 169 1 8
      2 d 17 1 3
      2 d 17 1 6
      2 d 17 3 0
      2 d 17 4 1
      2 d 17 4 13
      2 d 17 4 16
      2 d 17 4 18
      2 d 17 4 20
      2 d 17 4 25
      2 d 17 4 26
      2 d 17 5 1
      2 d 18 1 3
      2 d 18 1 4
      2 d 184 1 0
      2 d 184 1 1
      2 d 184 1 2
      2 d 194 1 1
      2 d 198 1 0
      2 d 198 3 1
      2 d 20 1 2
      2 d 20 1 4
      2 d 202 1 1
      2 d 205 1 1
      2 d 206 1 1
      2 d 208 1 1
      2 d 2 1 10
      2 d 211 2 0
      2 d 211 2 1
      2 d 21 1 3
      2 d 21 1 4
      2 d 212 1 1
      2 d 213 1 1
      2 d 215 1 1
      2 d 2 1 6
      2 d 218 1 15
      2 d 218 1 3
      2 d 218 1 6
      2 d 2 1 9
      2 d 219 1 1
      2 d 222 1 0
      2 d 224 1 3
      2 d 225 1 1
      2 d 227 1 2
      2 d 228 1 1
      2 d 229 1 1
      2 d 230 2 1
      2 d 230 3 1
      2 d 230 5 1
      2 d 230 6 1
      2 d 230 7 1
      2 d 23 1 1
      2 d 231 1 1
      2 d 232 1 1
      2 d 233 1 1
      2 d 235 1 2
      2 d 241 1 1
      2 d 24 1 2
      2 d 24 1 3
      2 d 24 1 4
      2 d 24 1 5
      2 d 24 1 7
      2 d 243 1 1
      2 d 245 1 1
      2 d 246 1 1
      2 d 248 2 1
      2 d 25 1 1
      2 d 252 1 1
      2 d 254 1 0
      2 d 254 1 1
      2 d 255 1 1
      2 d 256 1 1
      2 d 268 1 2
      2 d 268 1 4
      2 d 275 1 1
      2 d 278 1 2
      2 d 280 1 1
      2 d 283 1 1
      2 d 284 1 0
      2 d 285 1 1
      2 d 286 1 1
      2 d 290 1 3
      2 d 294 1 0
      2 d 295 1 0
      2 d 295 1 1
      2 d 298 1 1
      2 d 298 1 2
      2 d 302 1 1
      2 d 308 1 1
      2 d 31 1 0
      2 d 3 1 16
      2 d 3 1 22
      2 d 314 1 1
      2 d 316 1 1
      2 d 32 1 10
      2 d 321 1 0
      2 d 322 1 2
      2 d 324 1 1
      2 d 325 1 2
      2 d 328 1 1
      2 d 33 1 2
      2 d 332 1 1
      2 d 34 1 1
      2 d 344 1 0
      2 d 344 1 1
      2 d 346 1 1
      2 d 347 1 0
      2 d 347 1 1
      2 d 363 1 1
      2 d 366 1 1
      2 d 381 1 1
      2 d 38 1 7
      2 d 38 1 9
      2 d 382 1 1
      2 d 392 1 1
      2 d 396 1 0
      2 d 41 1 0
      2 d 4 1 2
      2 d 4 1 3
      2 d 41 5 1
      2 d 45 1 0
      2 d 48 1 0
      2 d 48 1 1
      2 d 50 2 1
      2 d 52 10 1
      2 d 52 2 1
      2 d 52 6 1
      2 d 52 7 0
      2 d 52 8 2
      2 d 53 1 1
      2 d 58 1 0
      2 d 58 10 3
      2 d 58 11 2
      2 d 58 13 1
      2 d 58 15 1
      2 d 58 16 1
      2 d 58 18 1
      2 d 58 18 11
      2 d 58 18 2
      2 d 58 18 3
      2 d 58 18 4
      2 d 58 18 5
      2 d 58 18 8
      2 d 58 18 9
      2 d 58 20 1
      2 d 58 24 1
      2 d 58 26 5
      2 d 58 28 0
      2 d 58 32 1
      2 d 58 33 0
      2 d 58 34 1
      2 d 58 38 1
      2 d 58 4 10
      2 d 58 4 13
      2 d 58 4 19
      2 d 58 4 22
      2 d 58 49 1
      2 d 58 51 1
      2 d 58 5 3
      2 d 58 53 0
      2 d 58 53 3
      2 d 58 53 6
      2 d 58 61 1
      2 d 58 65 0
      2 d 58 7 4
      2 d 64 1 1
      2 d 66 1 3
      2 d 66 1 4
      2 d 66 1 5
      2 d 67 1 1
      2 d 67 2 1
      2 d 67 3 0
      2 d 72 1 0
      2 d 74 1 0
      2 d 74 3 2
      2 d 76 1 1
      2 d 79 1 3
      2 d 79 3 0
      2 d 79 3 3
      2 d 79 9 1
      2 d 81 1 2
      2 d 81 3 1
      2 d 83 1 0
      2 d 83 1 1
      2 d 84 1 0
      2 d 89 1 1
      2 d 89 1 2
      2 d 89 1 3
      2 d 89 1 5
      2 d 92 1 12
      2 d 92 1 14
      2 d 92 1 4
      2 d 92 2 2
      2 d 92 2 3
      2 d 94 1 0
      2 d 95 2 0
      2 d 98 1 0
      2 e 15 1 1
      2 e 22 1 1
      2 e 26 1 1
      2 e 26 1 3
      2 e 3 1 2
      2 e 38 1 0
      2 e 40 1 1
      2 e 49 1 0
      2 e 49 1 1
      2 e 52 1 0
      2 e 52 1 1
      2 e 53 1 1
      2 e 60 1 1
      2 e 6 1 2
      2 e 62 1 1
      2 e 74 1 1
      2 e 75 1 1
      2 e 8 1 8
      2 e 8 1 9
      2 e 82 1 1
      2 f 13 1 2
      2 f 14 1 0
      2 f 14 1 4
      2 f 15 1 1
      2 f 17 4 1
      2 f 17 5 0
      2 f 20 1 1
      2 f 23 11 1
      2 f 23 12 0
      2 f 23 17 1
      2 f 23 20 1
      2 f 23 2 1
      2 f 23 23 1
      2 f 23 31 1
      2 f 23 32 1
      2 f 23 34 1
      2 f 23 40 1
      2 f 23 42 1
      2 f 23 8 1
      2 f 30 1 0
      2 f 31 1 1
      2 f 35 1 1
      2 f 37 1 0
      2 f 40 1 1
      2 f 41 1 1
      2 f 42 1 0
      2 f 45 1 1
      2 f 46 1 0
      2 f 49 1 1
      2 f 51 1 1
      2 f 61 1 1
      2 f 68 2 0
      2 f 68 2 1
      2 f 70 1 1
      2 f 72 1 2
      2 f 73 1 1
      2 f 73 2 1
      2 f 73 3 1
      2 g 102 1 0
      2 g 21 1 0
      2 g 21 1 1
      2 g 30 1 1
      2 g 3 10 0
      2 g 3 11 3
      2 g 3 11 5
      2 g 3 12 1
      2 g 3 19 1
      2 g 34 1 1
      2 g 3 4 2
      2 g 3 5 1
      2 g 3 6 3
      2 g 3 6 4
      2 g 39 1 5
      2 g 39 1 7
      2 g 41 10 1
      2 g 41 18 1
      2 g 41 2 0
      2 g 41 3 0
      2 g 41 3 2
      2 g 41 3 3
      2 g 41 4 1
      2 g 41 9 0
      2 g 44 1 3
      2 g 50 2 1
      2 g 51 1 1
      2 g 54 1 1
      2 g 59 1 1
      2 g 60 1 1
      2 g 64 1 1
      2 g 66 1 2
      2 g 67 1 1
      2 g 68 1 2
      2 g 76 1 1
      2 g 77 1 1
      2 g 79 1 1
      2 g 83 1 0
      2 g 83 1 1
      2 g 89 1 1
      2 g 91 1 1
      2 g 9 1 3
      2 g 94 1 1
      2 g 96 1 0
      2 g 97 1 0
      2 g 98 1 1
      3 a 100 1 10
      3 a 100 1 12
      3 a 100 1 3
      3 a 102 1 1
      3 a 102 1 3
      3 a 111 1 2
      3 a 118 1 15
      3 a 118 1 19
      3 a 118 1 2
      3 a 118 14 1
      3 a 118 17 0
      3 a 118 1 8
      3 a 118 21 1
      3 a 118 30 1
      3 a 118 6 0
      3 a 118 6 1
      3 a 124 1 0
      3 a 128 1 3
      3 a 128 1 4
      3 a 129 1 2
      3 a 13 1 1
      3 a 133 1 0
      3 a 135 1 1
      3 a 136 1 1
      3 a 14 1 0
      3 a 141 1 0
      3 a 149 1 1
      3 a 152 1 2
      3 a 156 1 1
      3 a 161 1 1
      3 a 16 1 3
      3 a 162 1 1
      3 a 168 1 1
      3 a 171 1 1
      3 a 172 1 1
      3 a 173 1 1
      3 a 174 1 1
      3 a 182 1 2
      3 a 190 1 0
      3 a 190 1 1
      3 a 19 1 1
      3 a 195 1 1
      3 a 2 13 1
      3 a 216 1 1
      3 a 218 1 0
      3 a 2 19 1
      3 a 2 20 0
      3 a 2 20 1
      3 a 23 3 1
      3 a 24 10 2
      3 a 24 12 0
      3 a 24 12 1
      3 a 24 14 1
      3 a 24 19 0
      3 a 24 2 0
      3 a 24 2 1
      3 a 24 26 1
      3 a 246 2 1
      3 a 25 1 4
      3 a 2 6 1
      3 a 268 1 1
      3 a 277 1 1
      3 a 280 1 0
      3 a 281 1 2
      3 a 28 2 0
      3 a 283 1 1
      3 a 288 1 1
      3 a 29 5 0
      3 a 301 1 1
      3 a 34 1 1
      3 a 35 1 1
      3 a 38 1 0
      3 a 39 1 10
      3 a 41 1 0
      3 a 4 11 1
      3 a 4 13 0
      3 a 4 14 0
      3 a 4 2 1
      3 a 4 3 0
      3 a 43 1 11
      3 a 4 5 23
      3 a 4 5 32
      3 a 4 5 43
      3 a 4 5 46
      3 a 4 5 48
      3 a 4 5 61
      3 a 4 5 63
      3 a 47 1 1
      3 a 47 4 1
      3 a 48 4 1
      3 a 5 1 1
      3 a 5 2 0
      3 a 52 1 2
      3 a 52 1 3
      3 a 5 2 3
      3 a 60 2 1
      3 a 60 6 0
      3 a 60 8 1
      3 a 60 8 2
      3 a 60 9 1
      3 a 6 1 4
      3 a 69 4 1
      3 a 7 1 0
      3 a 7 14 0
      3 a 7 2 0
      3 a 73 1 0
      3 a 7 4 1
      3 a 77 1 5
      3 a 79 1 1
      3 a 8 1 0
      3 a 8 11 1
      3 a 8 5 1
      3 a 86 1 0
      3 a 86 1 2
      3 a 93 1 2
      3 a 95 1 1
      3 a 96 1 3
      3 a 99 1 0
      3 b 100 1 1
      3 b 107 1 1
      3 b 1 10 1
      3 b 1 11 0
      3 b 115 1 0
      3 b 1 16 1
      3 b 1 17 1
      3 b 118 1 1
      3 b 1 21 1
      3 b 121 1 2
      3 b 121 2 2
      3 b 12 1 3
      3 b 121 7 1
      3 b 122 1 2
      3 b 122 1 6
      3 b 122 1 9
      3 b 1 24 1
      3 b 124 1 1
      3 b 125 1 0
      3 b 1 27 0
      3 b 1 28 1
      3 b 129 1 1
      3 b 129 1 3
      3 b 1 29 3
      3 b 130 1 1
      3 b 1 3 1
      3 b 142 1 2
      3 b 148 1 1
      3 b 149 1 0
      3 b 15 1 4
      3 b 155 1 1
      3 b 159 1 1
      3 b 160 1 1
      3 b 167 1 1
      3 b 17 1 0
      3 b 171 1 1
      3 b 172 1 1
      3 b 179 1 1
      3 b 179 1 2
      3 b 181 1 1
      3 b 18 1 13
      3 b 18 1 20
      3 b 18 1 36
      3 b 18 1 9
      3 b 2 5 4
      3 b 2 5 5
      3 b 27 1 1
      3 b 2 8 1
      3 b 29 1 14
      3 b 29 1 18
      3 b 29 1 26
      3 b 3 1 0
      3 b 33 1 3
      3 b 34 1 1
      3 b 34 11 1
      3 b 34 5 4
      3 b 34 5 6
      3 b 38 1 5
      3 b 40 3 3
      3 b 40 4 12
      3 b 40 4 16
      3 b 40 4 2
      3 b 41 1 1
      3 b 43 5 0
      3 b 43 5 1
      3 b 45 1 4
      3 b 49 4 1
      3 b 52 1 4
      3 b 53 1 0
      3 b 53 1 1
      3 b 55 1 12
      3 b 6 1 4
      3 b 6 1 5
      3 b 61 6 0
      3 b 61 7 1
      3 b 63 1 1
      3 b 65 1 1
      3 b 67 2 4
      3 b 67 4 1
      3 b 68 10 0
      3 b 69 12 1
      3 b 69 4 3
      3 b 69 7 1
      3 b 72 2 1
      3 b 75 1 1
      3 b 76 2 1
      3 b 80 1 5
      3 b 80 7 1
      3 b 81 1 1
      3 b 8 1 2
      3 b 82 1 16
      3 b 82 1 23
      3 b 82 1 3
      3 b 82 1 6
      3 b 82 1 7
      3 b 82 2 13
      3 b 82 2 15
      3 b 82 2 9
      3 b 82 6 1
      3 b 82 7 1
      3 b 84 4 1
      3 b 84 5 1
      3 b 85 2 1
      3 b 85 3 1
      3 b 86 1 0
      3 b 87 1 1
      3 b 88 1 0
      3 b 9 1 1
      3 b 92 1 1
      3 b 92 1 5
      3 b 92 1 9
      3 b 93 1 1
      3 b 97 1 1
      3 b 98 1 1
      3 c 100 1 1
      3 c 101 1 1
      3 c 10 2 1
      3 c 108 1 16
      3 c 108 1 19
      3 c 108 1 2
      3 c 108 1 8
      3 c 110 1 1
      3 c 1 10 5
      3 c 111 1 2
      3 c 114 1 2
      3 c 1 15 1
      3 c 1 15 4
      3 c 1 16 1
      3 c 1 16 3
      3 c 1 20 1
      3 c 121 1 1
      3 c 1 21 2
      3 c 122 1 1
      3 c 1 23 1
      3 c 124 1 6
      3 c 1 31 0
      3 c 13 1 0
      3 c 131 1 0
      3 c 135 1 0
      3 c 135 1 1
      3 c 14 1 2
      3 c 149 1 1
      3 c 151 1 1
      3 c 15 1 2
      3 c 154 1 1
      3 c 1 8 8
      3 c 1 9 10
      3 c 1 9 18
      3 c 1 9 2
      3 c 23 10 3
      3 c 23 14 1
      3 c 23 15 1
      3 c 23 2 0
      3 c 23 5 2
      3 c 24 1 3
      3 c 25 1 2
      3 c 25 1 4
      3 c 30 1 2
      3 c 30 1 8
      3 c 31 1 2
      3 c 37 1 16
      3 c 39 1 1
      3 c 41 1 2
      3 c 46 1 3
      3 c 47 1 3
      3 c 51 2 0
      3 c 52 1 0
      3 c 52 1 35
      3 c 53 1 0
      3 c 55 1 14
      3 c 55 3 16
      3 c 55 3 6
      3 c 55 3 8
      3 c 55 4 2
      3 c 58 1 2
      3 c 59 1 0
      3 c 60 1 4
      3 c 6 1 0
      3 c 6 2 5
      3 c 6 2 6
      3 c 66 1 11
      3 c 66 1 16
      3 c 66 1 21
      3 c 66 1 28
      3 c 66 1 36
      3 c 66 1 38
      3 c 66 1 43
      3 c 66 1 45
      3 c 66 1 5
      3 c 68 1 14
      3 c 68 1 7
      3 c 69 1 25
      3 c 69 1 26
      3 c 69 1 40
      3 c 69 1 6
      3 c 69 1 7
      3 c 7 1 1
      3 c 71 1 2
      3 c 72 1 3
      3 c 8 2 0
      3 c 8 5 0
      3 c 85 1 0
      3 c 8 8 0
      3 c 90 1 0
      3 c 91 1 2
      3 c 92 2 4
      3 c 97 1 4
      3 d 10 1 3
      3 d 106 1 4
      3 d 108 1 10
      3 d 110 1 0
      3 d 110 2 2
      3 d 110 3 7
      3 d 110 3 9
      3 d 110 4 2
      3 d 110 6 0
      3 d 110 8 1
      3 d 111 1 0
      3 d 1 1 3
      3 d 114 1 1
      3 d 115 1 1
      3 d 12 1 2
      3 d 126 1 1
      3 d 128 1 5
      3 d 129 2 1
      3 d 129 3 6
      3 d 129 6 1
      3 d 129 6 2
      3 d 14 1 2
      3 d 14 1 7
      3 d 142 1 3
      3 d 142 1 5
      3 d 142 1 9
      3 d 142 2 1
      3 d 143 1 2
      3 d 144 1 4
      3 d 144 1 8
      3 d 148 1 1
      3 d 15 10 0
      3 d 15 10 2
      3 d 15 1 10
      3 d 15 2 0
      3 d 15 3 1
      3 d 153 1 5
      3 d 157 1 2
      3 d 157 1 7
      3 d 159 1 2
      3 d 160 1 2
      3 d 16 1 6
      3 d 163 1 2
      3 d 165 1 2
      3 d 166 1 2
      3 d 169 1 4
      3 d 169 1 5
      3 d 17 1 1
      3 d 17 1 5
      3 d 175 1 1
      3 d 176 1 1
      3 d 18 1 0
      3 d 184 1 3
      3 d 193 1 1
      3 d 198 2 1
      3 d 198 4 1
      3 d 201 1 1
      3 d 212 1 2
      3 d 217 1 1
      3 d 218 1 12
      3 d 218 1 4
      3 d 218 1 5
      3 d 222 1 1
      3 d 223 1 1
      3 d 224 1 1
      3 d 230 1 1
      3 d 24 1 0
      3 d 241 2 1
      3 d 256 1 0
      3 d 26 1 2
      3 d 264 1 1
      3 d 268 1 0
      3 d 27 1 1
      3 d 273 1 0
      3 d 279 1 1
      3 d 28 1 1
      3 d 284 1 1
      3 d 288 1 1
      3 d 289 1 1
      3 d 301 1 1
      3 d 305 1 1
      3 d 306 1 0
      3 d 306 1 1
      3 d 309 1 1
      3 d 3 1 23
      3 d 3 1 6
      3 d 326 1 1
      3 d 33 1 1
      3 d 351 1 0
      3 d 353 1 1
      3 d 36 1 0
      3 d 369 1 1
      3 d 370 1 1
      3 d 379 1 1
      3 d 38 1 3
      3 d 38 1 6
      3 d 388 1 1
      3 d 389 1 1
      3 d 390 1 1
      3 d 391 1 1
      3 d 393 1 1
      3 d 402 1 1
      3 d 4 1 0
      3 d 41 3 0
      3 d 41 3 1
      3 d 41 4 2
      3 d 4 1 6
      3 d 4 1 8
      3 d 45 1 1
      3 d 45 1 2
      3 d 50 1 0
      3 d 50 1 2
      3 d 50 2 0
      3 d 52 1 1
      3 d 52 8 1
      3 d 56 1 2
      3 d 58 12 1
      3 d 58 23 1
      3 d 58 26 3
      3 d 58 26 7
      3 d 58 30 1
      3 d 58 4 14
      3 d 58 4 17
      3 d 58 42 1
      3 d 58 4 4
      3 d 58 53 2
      3 d 58 59 1
      3 d 58 7 2
      3 d 61 1 3
      3 d 63 1 0
      3 d 66 1 2
      3 d 67 1 2
      3 d 68 4 1
      3 d 68 5 1
      3 d 68 6 0
      3 d 74 2 0
      3 d 74 3 0
      3 d 75 1 1
      3 d 75 2 1
      3 d 77 1 0
      3 d 78 1 1
      3 d 8 1 0
      3 d 8 1 1
      3 d 81 4 1
      3 d 82 2 1
      3 d 86 1 1
      3 d 87 2 0
      3 d 89 1 0
      3 d 92 1 17
      3 d 98 2 0
      3 d 98 2 1
      3 d 99 1 1
      3 e 11 1 0
      3 e 25 1 1
      3 e 26 1 2
      3 e 32 1 1
      3 e 38 1 1
      3 e 43 1 2
      3 e 50 1 1
      3 e 5 1 0
      3 e 76 1 0
      3 e 78 1 1
      3 e 79 1 0
      3 f 23 15 1
      3 f 23 16 1
      3 f 23 18 1
      3 f 23 19 1
      3 f 23 24 1
      3 f 23 27 1
      3 f 23 28 1
      3 f 23 33 1
      3 f 23 37 1
      3 f 33 1 1
      3 f 38 1 0
      3 f 41 1 0
      3 f 4 1 3
      3 f 4 3 2
      3 f 4 7 1
      3 f 5 1 1
      3 f 56 1 1
      3 f 63 1 1
      3 f 67 1 1
      3 f 7 1 1
      3 g 10 1 1
      3 g 12 1 0
      3 g 19 1 1
      3 g 23 1 1
      3 g 3 11 2
      3 g 3 11 6
      3 g 3 1 2
      3 g 3 14 1
      3 g 3 16 1
      3 g 3 3 2
      3 g 36 1 1
      3 g 39 1 11
      3 g 39 1 14
      3 g 41 1 1
      3 g 41 17 1
      3 g 41 5 0
      3 g 41 5 2
      3 g 41 8 1
      3 g 41 8 5
      3 g 41 8 6
      3 g 42 1 1
      3 g 43 1 0
      3 g 61 1 1
      3 g 72 1 1
      3 g 79 1 0
      3 g 81 1 1
      3 g 8 1 2
      3 g 88 2 1
      3 g 90 1 1
      3 g 99 1 1
      4 a 100 1 2
      4 a 102 1 8
      4 a 102 4 2
      4 a 102 4 3
      4 a 102 4 4
      4 a 11 1 1
      4 a 118 1 10
      4 a 118 8 6
      4 a 118 9 4
      4 a 119 1 1
      4 a 124 1 1
      4 a 127 1 2
      4 a 129 1 1
      4 a 139 1 1
      4 a 141 1 1
      4 a 143 1 2
      4 a 144 2 1
      4 a 16 1 2
      4 a 183 1 1
      4 a 186 1 1
      4 a 189 1 1
      4 a 20 1 2
      4 a 204 1 4
      4 a 2 12 1
      4 a 213 1 2
      4 a 22 1 2
      4 a 237 1 1
      4 a 24 10 0
      4 a 24 11 1
      4 a 24 15 0
      4 a 24 3 0
      4 a 24 30 1
      4 a 24 4 1
      4 a 24 5 1
      4 a 250 1 1
      4 a 25 2 2
      4 a 26 1 0
      4 a 264 1 1
      4 a 265 1 1
      4 a 29 13 1
      4 a 29 3 2
      4 a 299 1 1
      4 a 30 2 1
      4 a 31 1 1
      4 a 3 1 3
      4 a 3 1 7
      4 a 32 1 1
      4 a 36 1 1
      4 a 39 1 1
      4 a 4 1 18
      4 a 4 1 4
      4 a 4 1 8
      4 a 43 1 0
      4 a 4 5 12
      4 a 4 5 22
      4 a 4 5 24
      4 a 4 5 34
      4 a 4 5 39
      4 a 4 5 5
      4 a 4 5 6
      4 a 4 8 1
      4 a 5 2 2
      4 a 5 3 0
      4 a 5 3 1
      4 a 53 1 1
      4 a 60 12 0
      4 a 60 2 4
      4 a 60 3 1
      4 a 6 1 3
      4 a 6 1 7
      4 a 62 1 1
      4 a 64 1 0
      4 a 65 1 0
      4 a 7 12 1
      4 a 7 14 1
      4 a 74 1 0
      4 a 74 1 2
      4 a 75 1 1
      4 a 76 1 1
      4 a 80 1 2
      4 a 8 1 2
      4 a 8 4 1
      4 a 86 1 1
      4 a 9 1 1
      4 a 96 1 2
      4 b 104 1 1
      4 b 105 1 0
      4 b 108 1 0
      4 b 1 10 2
      4 b 1 15 0
      4 b 115 1 1
      4 b 1 18 14
      4 b 1 18 7
      4 b 121 3 1
      4 b 122 1 12
      4 b 122 1 3
      4 b 1 23 1
      4 b 124 1 0
      4 b 1 27 1
      4 b 136 1 1
      4 b 140 1 0
      4 b 141 1 0
      4 b 150 1 1
      4 b 169 1 1
      4 b 19 1 1
      4 b 2 2 1
      4 b 2 3 4
      4 b 29 1 13
      4 b 29 1 23
      4 b 30 5 11
      4 b 30 5 4
      4 b 34 13 3
      4 b 34 4 4
      4 b 34 6 0
      4 b 36 1 4
      4 b 37 1 1
      4 b 40 14 1
      4 b 40 16 1
      4 b 40 6 0
      4 b 40 6 2
      4 b 4 1 0
      4 b 4 1 1
      4 b 42 5 1
      4 b 43 3 2
      4 b 43 4 1
      4 b 43 4 3
      4 b 49 1 2
      4 b 51 1 1
      4 b 52 1 0
      4 b 55 1 13
      4 b 55 1 3
      4 b 60 1 6
      4 b 65 1 2
      4 b 66 1 0
      4 b 67 4 0
      4 b 68 6 1
      4 b 71 1 4
      4 b 7 2 1
      4 b 80 8 1
      4 b 8 1 1
      4 b 81 1 5
      4 b 82 1 11
      4 b 82 1 9
      4 b 82 2 5
      4 b 85 6 1
      4 b 85 7 0
      4 b 88 2 1
      4 b 89 1 1
      4 b 91 1 1
      4 b 92 1 10
      4 b 97 1 2
      4 c 10 1 0
      4 c 108 1 7
      4 c 109 1 0
      4 c 1 12 5
      4 c 1 12 8
      4 c 116 1 3
      4 c 116 1 5
      4 c 1 18 3
      4 c 123 1 0
      4 c 123 1 1
      4 c 1 24 0
      4 c 124 1 1
      4 c 124 1 3
      4 c 1 26 1
      4 c 13 1 1
      4 c 131 1 1
      4 c 13 2 1
      4 c 15 1 3
      4 c 1 8 10
      4 c 18 1 2
      4 c 1 8 7
      4 c 1 9 12
      4 c 1 9 17
      4 c 2 1 9
      4 c 23 2 1
      4 c 23 4 0
      4 c 23 5 8
      4 c 24 1 2
      4 c 31 1 4
      4 c 3 1 3
      4 c 32 1 0
      4 c 36 1 6
      4 c 37 1 2
      4 c 37 1 24
      4 c 37 1 4
      4 c 42 1 2
      4 c 43 1 2
      4 c 43 1 4
      4 c 44 2 0
      4 c 44 3 1
      4 c 46 1 1
      4 c 47 1 12
      4 c 47 1 20
      4 c 48 1 1
      4 c 49 2 1
      4 c 52 1 18
      4 c 52 1 20
      4 c 52 2 1
      4 c 55 1 4
      4 c 55 1 6
      4 c 55 1 8
      4 c 55 1 9
      4 c 55 2 1
      4 c 55 3 14
      4 c 55 3 15
      4 c 55 5 1
      4 c 56 3 1
      4 c 56 4 1
      4 c 57 1 2
      4 c 58 1 3
      4 c 59 1 1
      4 c 66 1 13
      4 c 66 1 3
      4 c 66 1 48
      4 c 66 1 51
      4 c 66 1 61
      4 c 67 1 2
      4 c 67 1 6
      4 c 67 1 9
      4 c 68 1 9
      4 c 69 1 10
      4 c 69 1 13
      4 c 69 1 20
      4 c 69 1 21
      4 c 69 1 22
      4 c 69 1 3
      4 c 69 1 30
      4 c 72 1 2
      4 c 73 1 2
      4 c 74 1 0
      4 c 74 1 1
      4 c 76 1 1
      4 c 76 1 2
      4 c 77 1 3
      4 c 8 2 1
      4 c 83 1 1
      4 c 8 5 2
      4 c 8 7 1
      4 c 87 1 5
      4 d 100 1 1
      4 d 10 1 0
      4 d 106 1 0
      4 d 106 1 1
      4 d 107 1 2
      4 d 110 3 2
      4 d 110 6 2
      4 d 112 1 1
      4 d 116 1 0
      4 d 116 1 1
      4 d 117 1 0
      4 d 12 1 1
      4 d 12 1 3
      4 d 127 1 0
      4 d 129 3 2
      4 d 136 1 3
      4 d 136 1 4
      4 d 142 1 1
      4 d 143 1 3
      4 d 15 11 1
      4 d 15 1 4
      4 d 15 3 0
      4 d 153 1 2
      4 d 153 1 6
      4 d 157 1 10
      4 d 157 1 3
      4 d 16 1 2
      4 d 16 1 3
      4 d 172 1 1
      4 d 17 3 1
      4 d 179 1 1
      4 d 18 1 2
      4 d 185 1 0
      4 d 188 1 1
      4 d 20 1 3
      4 d 204 1 0
      4 d 204 1 1
      4 d 210 1 0
      4 d 210 1 1
      4 d 2 1 5
      4 d 2 1 7
      4 d 218 1 8
      4 d 230 2 0
      4 d 265 1 3
      4 d 269 1 1
      4 d 287 1 2
      4 d 293 1 1
      4 d 294 1 2
      4 d 298 1 0
      4 d 303 1 1
      4 d 32 1 1
      4 d 32 1 7
      4 d 325 1 1
      4 d 361 1 1
      4 d 38 1 2
      4 d 38 1 8
      4 d 387 1 1
      4 d 4 1 1
      4 d 41 2 2
      4 d 41 4 1
      4 d 49 1 1
      4 d 52 2 0
      4 d 52 8 0
      4 d 55 1 1
      4 d 56 1 1
      4 d 58 11 0
      4 d 58 18 10
      4 d 58 18 13
      4 d 58 36 1
      4 d 58 36 2
      4 d 58 40 1
      4 d 58 4 2
      4 d 58 44 1
      4 d 59 1 1
      4 d 64 2 1
      4 d 68 1 1
      4 d 68 3 3
      4 d 68 7 1
      4 d 74 1 1
      4 d 74 2 1
      4 d 74 4 1
      4 d 77 1 2
      4 d 79 1 2
      4 d 79 3 2
      4 d 79 7 1
      4 d 87 2 1
      4 d 92 1 13
      4 d 92 1 15
      4 d 95 2 2
      4 d 96 1 1
      4 d 96 1 2
      4 e 10 1 1
      4 e 26 1 0
      4 e 29 1 1
      4 e 3 1 3
      4 e 39 1 1
      4 e 44 1 1
      4 e 51 1 1
      4 e 52 1 2
      4 e 77 1 1
      4 e 80 1 1
      4 f 10 1 1
      4 f 1 1 1
      4 f 1 3 0
      4 f 23 10 0
      4 f 23 10 1
      4 f 23 12 1
      4 f 23 13 1
      4 f 23 25 1
      4 f 23 26 1
      4 f 25 1 1
      4 f 27 1 1
      4 f 28 1 1
      4 f 36 1 1
      4 f 37 1 1
      4 f 38 1 3
      4 f 71 1 1
      4 g 101 1 1
      4 g 16 2 1
      4 g 17 1 4
      4 g 19 1 0
      4 g 22 1 1
      4 g 28 1 1
      4 g 3 13 0
      4 g 3 15 1
      4 g 3 7 0
      4 g 41 7 1
      4 g 44 1 6
      4 g 49 1 0
      4 g 53 1 1
      4 g 68 1 0
      4 g 86 1 1
      4 g 96 1 1
      5 a 10 1 1
      5 a 101 1 1
      5 a 102 2 1
      5 a 114 1 0
      5 a 116 1 1
      5 a 118 27 1
      5 a 118 3 0
      5 a 118 3 1
      5 a 118 9 2
      5 a 1 2 1
      5 a 121 1 0
      5 a 158 1 1
      5 a 184 1 1
      5 a 204 1 0
      5 a 2 10 1
      5 a 217 1 1
      5 a 24 15 1
      5 a 25 3 0
      5 a 25 3 1
      5 a 280 1 1
      5 a 29 7 1
      5 a 298 1 1
      5 a 34 2 1
      5 a 39 1 6
      5 a 4 10 1
      5 a 4 1 7
      5 a 4 5 10
      5 a 4 5 29
      5 a 4 5 3
      5 a 4 5 35
      5 a 4 5 69
      5 a 4 6 2
      5 a 59 1 1
      5 a 60 6 1
      5 a 64 1 1
      5 a 69 1 2
      5 b 103 1 1
      5 b 109 1 1
      5 b 1 11 1
      5 b 1 11 2
      5 b 1 13 1
      5 b 1 18 11
      5 b 1 18 16
      5 b 1 18 21
      5 b 1 18 26
      5 b 1 18 9
      5 b 12 1 2
      5 b 121 4 6
      5 b 1 22 1
      5 b 1 29 1
      5 b 1 30 0
      5 b 137 1 1
      5 b 15 1 1
      5 b 151 1 1
      5 b 16 1 1
      5 b 18 1 10
      5 b 181 1 0
      5 b 18 1 14
      5 b 18 1 3
      5 b 23 1 0
      5 b 24 1 1
      5 b 2 6 1
      5 b 30 2 1
      5 b 30 5 2
      5 b 31 1 1
      5 b 3 1 3
      5 b 33 1 2
      5 b 34 12 1
      5 b 34 5 1
      5 b 34 5 3
      5 b 3 5 1
      5 b 35 1 1
      5 b 37 1 0
      5 b 39 1 1
      5 b 40 3 1
      5 b 40 4 7
      5 b 41 1 0
      5 b 43 2 0
      5 b 45 1 2
      5 b 46 1 1
      5 b 49 2 2
      5 b 52 1 1
      5 b 56 1 1
      5 b 68 11 0
      5 b 69 3 1
      5 b 69 7 0
      5 b 70 3 1
      5 b 77 2 0
      5 b 77 2 1
      5 b 77 3 0
      5 b 80 1 0
      5 b 81 1 4
      5 b 81 1 6
      5 b 82 1 19
      5 b 82 2 1
      5 b 82 5 1
      5 b 84 2 2
      5 b 84 3 1
      5 b 84 4 2
      5 b 85 7 1
      5 b 88 1 2
      5 b 89 1 0
      5 b 92 1 4
      5 c 103 1 1
      5 c 108 1 1
      5 c 1 10 2
      5 c 1 10 3
      5 c 1 12 1
      5 c 1 13 1
      5 c 1 15 0
      5 c 117 1 1
      5 c 12 1 1
      5 c 1 2 2
      5 c 1 22 0
      5 c 124 1 4
      5 c 124 1 5
      5 c 124 1 8
      5 c 1 2 6
      5 c 1 9 9
      5 c 21 1 1
      5 c 22 1 1
      5 c 23 17 1
      5 c 26 1 5
      5 c 28 1 0
      5 c 28 1 1
      5 c 3 1 1
      5 c 34 1 1
      5 c 36 1 10
      5 c 36 1 11
      5 c 36 1 7
      5 c 38 1 0
      5 c 4 1 1
      5 c 43 1 1
      5 c 44 3 0
      5 c 46 1 0
      5 c 47 1 9
      5 c 48 1 2
      5 c 49 1 1
      5 c 49 2 0
      5 c 5 1 0
      5 c 51 4 1
      5 c 53 1 1
      5 c 62 1 0
      5 c 66 1 24
      5 c 66 1 26
      5 c 66 1 41
      5 c 66 1 7
      5 c 68 1 22
      5 c 69 1 11
      5 c 69 1 16
      5 c 69 1 5
      5 c 72 2 0
      5 c 72 2 1
      5 c 77 1 5
      5 c 78 2 1
      5 c 80 1 1
      5 c 87 1 10
      5 c 87 1 3
      5 c 87 1 4
      5 c 87 1 8
      5 c 88 1 0
      5 c 89 1 1
      5 c 9 1 1
      5 c 91 1 0
      5 c 92 1 1
      5 d 102 1 1
      5 d 108 1 2
      5 d 110 3 1
      5 d 11 1 1
      5 d 112 1 0
      5 d 113 1 2
      5 d 1 1 4
      5 d 140 1 1
      5 d 144 1 6
      5 d 149 1 1
      5 d 15 2 1
      5 d 15 3 2
      5 d 15 9 0
      5 d 159 1 0
      5 d 159 1 1
      5 d 159 1 7
      5 d 169 1 6
      5 d 17 4 10
      5 d 17 4 28
      5 d 17 4 9
      5 d 175 1 0
      5 d 177 1 0
      5 d 181 1 1
      5 d 190 1 0
      5 d 194 1 2
      5 d 219 1 0
      5 d 24 1 1
      5 d 248 1 1
      5 d 254 1 2
      5 d 265 1 2
      5 d 273 1 1
      5 d 305 1 0
      5 d 310 1 1
      5 d 3 1 3
      5 d 3 1 9
      5 d 367 1 1
      5 d 39 1 1
      5 d 396 1 1
      5 d 397 1 1
      5 d 399 1 1
      5 d 43 1 1
      5 d 47 1 1
      5 d 58 10 2
      5 d 58 1 4
      5 d 58 14 1
      5 d 58 18 0
      5 d 58 2 1
      5 d 58 21 0
      5 d 58 29 1
      5 d 58 31 1
      5 d 58 4 11
      5 d 58 4 5
      5 d 58 48 1
      5 d 58 57 1
      5 d 61 1 0
      5 d 65 1 2
      5 d 76 2 1
      5 d 77 1 1
      5 d 79 2 0
      5 d 85 1 1
      5 d 92 1 6
      5 d 96 1 3
      5 e 19 1 0
      5 e 24 1 1
      5 e 29 1 2
      5 e 79 1 1
      5 e 8 1 0
      5 e 8 1 2
      5 f 1 3 1
      5 f 13 1 3
      5 f 17 1 1
      5 f 17 2 1
      5 f 23 14 1
      5 f 23 18 0
      5 f 23 36 1
      5 f 24 1 1
      5 f 4 1 1
      5 f 43 1 1
      5 f 4 3 3
      5 f 5 1 0
      5 f 58 1 1
      5 f 6 1 1
      5 f 62 1 1
      5 g 17 1 1
      5 g 3 10 1
      5 g 3 3 3
      5 g 37 1 2
      5 g 37 1 4
      5 g 41 16 1
      5 g 44 1 5
      5 g 74 1 1
      5 g 85 1 1
      5 g 95 1 1
      5 g 97 1 1
      6 a 100 1 1
      6 a 102 3 2
      6 a 130 1 1
      6 a 132 1 1
      6 a 132 1 3
      6 a 140 1 1
      6 a 14 1 1
      6 a 155 1 1
      6 a 156 1 2
      6 a 157 1 1
      6 a 204 1 2
      6 a 2 2 1
      6 a 238 1 1
      6 a 25 1 6
      6 a 284 1 1
      6 a 3 1 5
      6 a 4 1 12
      6 a 4 1 5
      6 a 43 1 3
      6 a 4 5 11
      6 a 4 5 54
      6 a 4 6 1
      6 a 46 2 1
      6 a 4 7 1
      6 a 5 2 4
      6 a 56 1 0
      6 a 56 1 1
      6 a 60 2 5
      6 a 60 4 1
      6 a 61 1 1
      6 a 66 1 1
      6 a 69 1 1
      6 a 7 3 1
      6 a 7 7 1
      6 a 7 8 1
      6 a 89 1 0
      6 b 113 1 1
      6 b 121 4 4
      6 b 121 4 5
      6 b 157 1 0
      6 b 18 1 5
      6 b 26 1 1
      6 b 30 5 0
      6 b 3 4 0
      6 b 3 4 1
      6 b 34 14 1
      6 b 34 3 1
      6 b 34 4 2
      6 b 34 5 2
      6 b 34 6 2
      6 b 3 6 1
      6 b 38 1 6
      6 b 40 15 1
      6 b 40 4 6
      6 b 42 4 2
      6 b 42 6 2
      6 b 44 2 1
      6 b 46 1 0
      6 b 52 2 3
      6 b 57 1 1
      6 b 58 1 1
      6 b 66 1 1
      6 b 70 1 0
      6 b 71 1 2
      6 b 80 1 1
      6 b 98 1 0
      6 c 10 1 1
      6 c 106 1 0
      6 c 107 1 1
      6 c 109 1 1
      6 c 110 1 0
      6 c 114 1 1
      6 c 116 1 1
      6 c 116 1 4
      6 c 1 17 1
      6 c 1 17 2
      6 c 1 22 1
      6 c 133 1 0
      6 c 140 1 0
      6 c 18 1 0
      6 c 1 8 13
      6 c 1 8 6
      6 c 1 9 15
      6 c 23 13 0
      6 c 23 13 1
      6 c 23 5 4
      6 c 23 6 1
      6 c 23 8 1
      6 c 26 1 4
      6 c 27 1 1
      6 c 51 1 0
      6 c 52 1 34
      6 c 54 1 0
      6 c 55 1 13
      6 c 55 1 2
      6 c 56 4 0
      6 c 56 5 0
      6 c 56 5 7
      6 c 61 1 2
      6 c 6 2 0
      6 c 6 2 3
      6 c 66 1 46
      6 c 66 1 6
      6 c 69 1 14
      6 c 69 1 8
      6 c 70 1 0
      6 c 72 1 5
      6 c 77 1 2
      6 c 78 2 0
      6 c 84 1 1
      6 c 86 1 0
      6 c 91 1 1
      6 d 101 1 0
      6 d 104 1 3
      6 d 108 1 4
      6 d 110 6 4
      6 d 111 1 1
      6 d 120 1 0
      6 d 122 1 4
      6 d 128 1 0
      6 d 129 1 0
      6 d 130 1 1
      6 d 131 1 1
      6 d 13 1 2
      6 d 134 1 0
      6 d 14 1 3
      6 d 142 2 2
      6 d 145 1 1
      6 d 145 1 3
      6 d 160 1 0
      6 d 17 4 3
      6 d 185 1 2
      6 d 189 1 1
      6 d 203 1 1
      6 d 21 1 1
      6 d 218 1 2
      6 d 223 1 2
      6 d 224 1 2
      6 d 240 1 1
      6 d 250 1 1
      6 d 3 1 4
      6 d 3 1 5
      6 d 3 1 7
      6 d 348 1 1
      6 d 367 1 0
      6 d 391 1 0
      6 d 41 2 1
      6 d 52 7 1
      6 d 58 18 6
      6 d 58 26 0
      6 d 58 31 2
      6 d 58 3 2
      6 d 58 33 1
      6 d 58 36 0
      6 d 58 53 7
      6 d 58 58 0
      6 d 58 58 1
      6 d 58 60 1
      6 d 63 1 2
      6 d 74 3 1
      6 d 79 5 0
      6 d 92 2 1
      6 d 96 1 4
      6 d 97 1 1
      6 e 11 1 1
      6 e 17 1 1
      6 e 18 1 1
      6 e 19 1 1
      6 e 22 1 2
      6 e 8 1 7
      6 f 10 1 0
      6 f 14 1 2
      6 f 19 1 1
      6 f 21 1 2
      6 f 23 16 0
      6 f 23 35 1
      6 f 23 43 1
      6 f 32 1 1
      6 f 54 1 2
      6 f 6 1 0
      6 f 72 1 1
      6 g 16 1 1
      6 g 3 15 2
      6 g 50 1 1
      6 g 66 1 1
      6 g 80 1 1
      7 a 108 1 1
      7 a 11 1 0
      7 a 11 2 0
      7 a 128 1 1
      7 a 130 1 0
      7 a 137 2 1
      7 a 137 3 1
      7 a 137 8 1
      7 a 138 1 0
      7 a 152 1 3
      7 a 177 1 1
      7 a 238 1 0
      7 a 24 13 0
      7 a 24 13 1
      7 a 28 2 1
      7 a 30 1 1
      7 a 3 1 2
      7 a 35 1 7
      7 a 4 5 13
      7 a 4 5 31
      7 a 50 1 1
      7 a 6 1 0
      7 a 77 1 3
      7 a 89 1 1
      7 a 9 1 0
      7 a 99 1 1
      7 b 1 14 1
      7 b 12 1 0
      7 b 121 5 1
      7 b 121 6 0
      7 b 122 1 8
      7 b 1 8 0
      7 b 18 1 4
      7 b 2 5 2
      7 b 29 1 22
      7 b 29 1 6
      7 b 34 1 2
      7 b 34 4 0
      7 b 34 7 1
      7 b 34 9 3
      7 b 3 6 0
      7 b 40 4 11
      7 b 40 6 3
      7 b 42 4 1
      7 b 44 1 0
      7 b 49 3 1
      7 b 52 2 0
      7 b 62 1 0
      7 b 76 1 1
      7 b 84 1 0
      7 b 86 1 2
      7 c 108 1 14
      7 c 1 14 0
      7 c 120 1 1
      7 c 1 21 1
      7 c 122 1 0
      7 c 129 1 1
      7 c 1 5 1
      7 c 18 1 1
      7 c 1 9 1
      7 c 19 1 1
      7 c 1 9 3
      7 c 23 14 3
      7 c 23 5 3
      7 c 23 8 0
      7 c 26 2 3
      7 c 37 1 27
      7 c 37 1 6
      7 c 48 1 0
      7 c 55 4 1
      7 c 57 1 0
      7 c 66 1 18
      7 c 68 1 5
      7 c 70 1 1
      7 c 7 1 0
      7 c 84 1 0
      7 c 92 2 2
      7 c 92 2 3
      7 d 110 7 1
      7 d 1 1 2
      7 d 115 1 2
      7 d 122 1 2
      7 d 126 1 6
      7 d 133 1 1
      7 d 137 1 1
      7 d 148 1 0
      7 d 15 1 2
      7 d 16 1 1
      7 d 161 1 1
      7 d 162 1 2
      7 d 17 4 7
      7 d 17 4 8
      7 d 21 1 2
      7 d 220 1 1
      7 d 227 1 0
      7 d 288 1 0
      7 d 299 1 1
      7 d 31 1 1
      7 d 318 1 1
      7 d 41 1 1
      7 d 58 28 1
      7 d 58 32 0
      7 d 58 8 1
      7 d 67 3 1
      7 d 68 6 1
      7 d 7 1 0
      7 d 92 1 2
      7 f 31 1 0
      7 f 4 7 2
      7 g 14 1 0
      7 g 24 1 0
      7 g 27 1 1
      7 g 3 9 0
      7 g 4 1 1
      7 g 44 1 2
      8 a 11 2 1
      8 a 123 1 0
      8 a 140 2 1
      8 a 28 3 0
      8 a 3 1 4
      8 a 35 1 5
      8 a 39 2 1
      8 a 4 1 2
      8 a 4 3 1
      8 a 43 1 1
      8 a 4 5 19
      8 a 4 5 4
      8 a 52 1 0
      8 a 60 1 1
      8 a 60 7 1
      8 a 77 1 0
      8 a 83 1 1
      8 a 97 1 0
      8 b 1 18 8
      8 b 1 28 0
      8 b 1 5 1
      8 b 1 7 1
      8 b 17 1 1
      8 b 183 1 1
      8 b 21 1 0
      8 b 3 1 1
      8 b 38 1 2
      8 b 40 4 1
      8 b 40 4 4
      8 b 49 2 3
      8 b 67 2 1
      8 b 81 1 2
      8 b 81 1 3
      8 b 84 2 1
      8 c 10 2 7
      8 c 120 1 2
      8 c 129 1 0
      8 c 26 2 4
      8 c 31 1 0
      8 c 33 1 3
      8 c 36 1 5
      8 c 47 1 23
      8 c 51 4 0
      8 c 58 1 5
      8 c 66 1 1
      8 c 69 1 12
      8 c 69 1 2
      8 d 122 1 3
      8 d 129 3 3
      8 d 134 1 1
      8 d 139 1 1
      8 d 14 1 9
      8 d 143 1 0
      8 d 15 5 1
      8 d 163 1 1
      8 d 171 1 1
      8 d 17 1 2
      8 d 178 1 1
      8 d 187 1 1
      8 d 218 1 0
      8 d 258 1 1
      8 d 41 5 0
      8 d 42 1 1
      8 d 58 10 0
      8 d 58 1 1
      8 d 58 1 2
      8 d 58 19 1
      8 d 73 1 0
      8 d 79 2 1
      8 d 79 5 1
      8 d 81 1 5
      8 d 88 1 1
      8 d 92 1 5
      8 f 13 1 1
      8 f 19 1 0
      8 f 21 2 2
      8 f 4 7 0
      8 f 55 1 1
      8 g 17 1 3
      8 g 3 1 0
      8 g 35 1 1
      8 g 38 1 1
      8 g 39 1 1
      8 g 39 1 8
      8 g 41 2 1
      8 g 49 1 1
      9 a 126 1 1
      9 a 132 1 0
      9 a 144 1 1
      9 a 16 1 1
      9 a 194 1 1
      9 a 2 3 1
      9 a 27 1 0
      9 a 55 1 1
      9 b 18 1 2
      9 b 23 1 1
      9 b 26 1 0
      9 b 34 13 1
      9 b 34 9 2
      9 b 44 1 1
      9 b 49 1 1
      9 b 55 1 5
      9 b 6 1 2
      9 b 67 2 0
      9 b 70 1 1
      9 b 80 1 3
      9 b 82 1 1
      9 b 92 1 3
      9 c 10 2 5
      9 c 1 17 0
      9 c 124 1 2
      9 c 17 1 1
      9 c 1 9 6
      9 c 23 12 1
      9 c 23 4 1
      9 c 30 1 1
      9 c 31 1 3
      9 c 31 1 5
      9 c 3 1 4
      9 c 34 1 0
      9 c 36 1 9
      9 c 42 1 1
      9 c 43 1 0
      9 c 47 1 13
      9 c 47 1 15
      9 c 50 1 2
      9 c 53 2 1
      9 c 55 1 5
      9 c 56 3 0
      9 c 57 1 1
      9 c 60 1 2
      9 c 65 1 1
      9 c 66 1 12
      9 c 66 1 17
      9 c 66 1 25
      9 c 69 1 19
      9 c 8 5 1
      9 c 97 3 1
      9 d 100 2 0
      9 d 110 2 1
      9 d 124 1 1
      9 d 126 1 0
      9 d 151 1 1
      9 d 153 1 1
      9 d 16 1 5
      9 d 165 1 0
      9 d 168 1 1
      9 d 174 1 1
      9 d 177 1 1
      9 d 2 1 1
      9 d 224 1 0
      9 d 290 1 0
      9 d 40 1 1
      9 d 41 2 0
      9 d 42 1 2
      9 d 58 3 1
      9 d 92 1 7
      9 e 23 1 1
      9 f 3 1 1
      9 f 4 1 0
      9 f 69 1 1
      9 g 24 1 2
      9 g 41 3 1
      9 g 43 1 1
     10 a 1 1 1
     10 a 116 1 0
     10 a 118 1 14
     10 a 118 8 9
     10 a 118 9 0
     10 a 153 1 1
     10 a 159 2 1
     10 a 21 1 0
     10 a 22 1 0
     10 a 24 3 2
     10 a 25 2 0
     10 a 28 3 1
     10 a 29 2 1
     10 a 35 1 3
     10 a 39 1 8
     10 a 80 1 1
     10 b 106 1 1
     10 b 121 4 2
     10 b 122 1 1
     10 b 25 1 1
     10 b 2 5 3
     10 b 34 5 0
     10 b 40 16 0
     10 b 42 1 0
     10 b 55 1 4
     10 b 64 1 1
     10 b 77 3 1
     10 c 108 1 6
     10 c 1 21 0
     10 c 16 1 1
     10 c 32 1 1
     10 c 41 1 0
     10 c 43 1 3
     10 c 44 1 1
     10 c 55 3 2
     10 c 58 1 1
     10 c 6 1 1
     10 c 69 1 18
     10 c 73 1 3
     10 c 80 1 3
     10 c 90 1 1
     10 c 97 1 1
     10 d 129 1 1
     10 d 13 1 0
     10 d 14 1 1
     10 d 142 1 2
     10 d 17 2 1
     10 d 17 4 2
     10 d 17 4 4
     10 d 190 1 2
     10 d 38 1 4
     10 d 52 3 1
     10 d 58 10 1
     10 d 58 29 0
     10 d 58 31 0
     10 d 58 56 1
     10 d 58 9 1
     10 d 80 1 1
     10 d 94 1 1
     10 f 1 4 0
     10 g 13 1 1
     10 g 3 11 4
     10 g 37 1 0
     10 g 41 11 1
     10 g 7 1 0
     11 a 103 1 0
     11 a 118 1 1
     11 a 27 1 1
     11 a 38 1 1
     11 a 39 1 7
     11 a 4 13 2
     11 a 42 1 1
     11 a 4 5 14
     11 a 47 2 1
     11 a 52 1 1
     11 a 55 1 0
     11 a 7 1 1
     11 a 87 1 1
     11 b 1 1 3
     11 b 122 1 0
     11 b 1 4 0
     11 b 2 3 2
     11 b 34 13 0
     11 b 40 1 1
     11 b 40 5 0
     11 b 52 2 2
     11 b 61 1 0
     11 b 82 2 14
     11 c 101 1 0
     11 c 1 16 0
     11 c 1 18 0
     11 c 121 1 0
     11 c 1 6 1
     11 c 50 1 0
     11 c 68 1 6
     11 c 97 1 2
     11 d 110 3 6
     11 d 118 1 0
     11 d 13 1 1
     11 d 139 1 0
     11 d 141 1 1
     11 d 14 1 5
     11 d 150 1 0
     11 d 15 6 0
     11 d 170 1 0
     11 d 171 1 0
     11 d 5 1 0
     11 d 58 11 1
     11 d 79 4 0
     11 d 80 1 3
     11 f 23 38 1
     11 g 14 1 2
     11 g 32 1 1
     11 g 69 1 1
     12 a 126 1 0
     12 a 139 1 0
     12 a 29 3 1
     12 a 39 2 0
     12 a 73 1 1
     12 a 83 1 0
     12 a 91 1 1
     12 b 1 18 1
     12 b 1 18 4
     12 b 1 6 1
     12 b 40 2 0
     12 b 42 2 0
     12 b 50 1 0
     12 b 78 1 0
     12 b 78 1 1
     12 b 85 1 1
     12 b 96 1 0
     12 c 1 2 1
     12 c 1 5 0
     12 c 2 1 8
     12 c 37 1 14
     12 c 51 1 1
     12 c 55 1 3
     12 c 60 1 1
     12 c 65 1 0
     12 c 69 1 1
     12 c 88 1 1
     12 d 129 3 5
     12 d 145 1 4
     12 d 15 1 3
     12 d 189 1 0
     12 d 227 1 1
     12 d 32 1 2
     12 d 58 5 2
     12 d 68 2 0
     12 d 79 3 1
     12 d 79 4 1
     12 d 81 1 3
     12 d 86 1 0
     12 d 92 1 9
     12 e 18 1 0
     12 e 22 1 0
     12 g 3 3 1
     12 g 3 7 4
     12 g 40 1 1
     12 g 44 1 0
     13 a 211 1 0
     13 a 211 1 2
     13 a 77 1 2
     13 b 121 5 2
     13 b 1 4 1
     13 b 15 1 0
     13 b 33 1 1
     13 b 34 9 1
     13 b 40 5 1
     13 b 42 1 2
     13 b 72 1 0
     13 b 82 1 2
     13 c 1 12 0
     13 c 1 15 3
     13 c 2 1 4
     13 c 56 5 1
     13 c 80 1 2
     13 c 81 1 1
     13 c 97 1 6
     13 d 118 1 1
     13 d 127 1 1
     13 d 145 1 0
     13 d 151 1 0
     13 d 159 1 3
     13 d 26 3 1
     13 d 51 1 0
     13 e 6 1 1
     13 f 4 3 0
     13 g 18 1 0
     13 g 3 6 1
     14 a 102 4 0
     14 a 103 1 1
     14 a 245 1 1
     14 a 24 9 1
     14 a 4 5 47
     14 a 53 1 0
     14 b 121 4 7
     14 b 121 6 1
     14 b 33 1 0
     14 b 69 4 0
     14 b 74 1 1
     14 b 84 2 0
     14 c 108 1 10
     14 c 1 10 4
     14 c 1 12 7
     14 c 1 2 3
     14 c 23 16 2
     14 c 25 1 1
     14 c 46 1 2
     14 c 47 1 2
     14 c 60 1 0
     14 c 72 1 1
     14 c 86 1 1
     14 d 128 1 2
     14 d 166 1 0
     14 d 198 1 1
     14 d 58 5 1
     14 d 68 2 2
     14 d 90 1 1
     14 d 95 2 1
     14 e 8 1 1
     14 f 14 1 1
     15 a 2 3 0
     15 a 24 3 1
     15 a 39 1 4
     15 a 4 5 21
     15 b 21 1 1
     15 b 22 1 0
     15 b 40 2 1
     15 b 7 1 1
     15 c 119 1 0
     15 c 14 1 4
     15 c 23 10 0
     15 c 37 1 5
     15 c 42 1 0
     15 c 68 1 13
     15 c 69 1 17
     15 c 80 1 0
     15 d 109 1 2
     15 d 122 1 1
     15 d 15 2 2
     15 d 15 4 2
     15 d 15 6 1
     15 d 20 1 0
     15 d 58 1 5
     15 d 79 7 0
     15 d 9 1 0
     15 g 17 1 0
     15 g 17 1 2
     15 g 20 1 1
     15 g 3 13 1
     16 a 118 7 1
     16 a 211 1 1
     16 a 28 1 1
     16 a 35 1 2
     16 a 69 1 0
     16 a 91 1 0
     16 b 2 2 2
     16 b 2 3 0
     16 b 26 1 2
     16 b 29 1 3
     16 b 29 1 4
     16 b 7 1 2
     16 c 1 11 1
     16 c 45 1 1
     16 c 53 2 0
     16 c 55 1 10
     16 c 73 1 0
     16 d 14 1 4
     16 d 166 1 1
     16 d 167 1 0
     16 d 2 1 0
     16 d 58 6 0
     16 e 5 1 1
     16 e 7 1 0
     16 f 4 3 1
     16 g 12 1 1
     16 g 3 2 1
     17 b 29 1 10
     17 b 43 3 0
     17 b 49 1 0
     17 b 68 1 0
     17 c 116 1 0
     17 c 14 1 1
     17 c 23 5 1
     17 c 26 1 3
     17 c 26 2 1
     17 c 82 1 1
     17 c 97 1 0
     17 d 101 1 1
     17 d 109 1 0
     17 d 58 17 0
     17 d 58 5 0
     17 e 17 1 0
     17 f 29 1 1
     17 g 3 1 1
     17 g 52 1 1
     17 g 7 1 3
     18 a 138 1 3
     18 a 93 1 0
     18 b 43 4 2
     18 b 61 1 1
     18 b 74 1 0
     18 b 84 1 1
     18 c 1 14 1
     18 c 124 1 0
     18 c 25 1 0
     18 c 45 1 2
     18 c 62 1 1
     18 d 110 1 1
     18 d 110 2 0
     18 d 113 1 0
     18 d 129 3 1
     18 d 37 1 0
     18 d 38 1 5
     18 d 58 56 0
     18 d 92 1 11
     18 d 96 1 0
     18 g 24 1 1
     18 g 39 1 0
     19 a 102 1 2
     19 a 26 1 1
     19 a 65 1 1
     19 a 93 1 1
     19 b 34 9 0
     19 b 40 2 2
     19 b 43 3 1
     19 b 55 1 2
     19 c 14 1 3
     19 c 56 5 4
     19 c 71 1 0
     19 c 71 1 1
     19 d 120 1 1
     19 d 15 1 5
     19 d 157 1 1
     19 d 167 1 1
     19 d 211 1 0
     19 d 2 1 3
     19 d 38 1 1
     19 d 73 1 1
     19 d 79 1 1
     19 e 1 1 0
     19 e 7 1 1
     19 f 3 1 0
     19 g 3 11 0
     19 g 44 1 1
     20 a 2 11 1
     20 a 74 1 1
     20 b 11 1 0
     20 b 2 2 0
     20 b 7 1 0
     20 c 1 8 5
     20 c 44 1 0
     20 c 55 3 1
     20 d 131 1 2
     20 d 44 1 1
     20 d 58 17 1
     20 d 58 9 0
     20 g 3 9 1
     20 g 41 5 1
     20 g 68 1 1
     21 a 102 1 0
     21 a 138 1 1
     21 a 35 1 0
     21 a 4 1 3
     21 b 29 1 2
     21 b 34 10 1
     21 b 42 1 1
     21 b 69 13 0
     21 c 36 1 0
     21 d 15 4 0
     21 f 26 1 1
     21 g 3 7 5
     21 g 46 1 1
     21 g 50 1 2
     22 a 26 1 3
     22 a 40 1 1
     22 a 60 1 2
     22 b 42 4 0
     22 b 45 1 0
     22 b 45 1 1
     22 b 47 1 4
     22 b 69 4 1
     22 b 85 4 1
     22 c 23 16 1
     22 c 94 1 2
     22 d 104 1 0
     22 d 117 1 1
     22 d 129 3 0
     22 d 17 1 0
     22 d 50 1 1
     22 d 87 1 1
     22 e 1 1 1
     22 g 14 1 1
     22 g 50 1 0
     23 a 118 1 0
     23 a 127 1 1
     23 a 21 1 1
     23 a 22 1 3
     23 b 1 18 2
     23 c 1 8 4
     23 c 3 1 2
     23 c 41 1 1
     23 g 39 1 2
     24 a 25 1 2
     24 b 43 4 0
     24 b 47 1 1
     24 b 85 4 0
     24 c 1 1 0
     24 c 23 16 0
     24 c 78 1 1
     24 d 122 1 0
     24 d 185 1 1
     24 d 2 1 2
     24 d 6 1 1
     24 d 79 1 0
     24 g 8 1 0
     25 a 28 1 0
     25 a 4 5 28
     25 b 38 1 1
     25 b 47 1 3
     25 b 82 3 2
     25 c 1 2 4
     25 c 37 1 9
     25 d 113 1 1
     25 d 21 1 0
     25 d 32 1 3
     25 e 8 1 4
     25 f 13 1 0
     25 g 1 1 1
     26 a 118 8 0
     26 a 127 1 0
     26 a 26 1 2
     26 a 39 1 2
     26 b 22 1 1
     26 c 1 1 1
     26 c 2 1 6
     26 c 55 3 0
     26 c 77 1 0
     26 d 109 1 1
     26 d 19 1 0
     26 f 43 1 0
     27 b 11 1 1
     27 b 38 1 0
     27 b 68 1 1
     27 b 82 2 0
     27 c 33 1 0
     27 c 79 1 1
     27 c 95 1 1
     27 d 58 4 0
     27 d 80 1 0
     27 d 81 1 1
     27 d 93 1 0
     28 b 19 1 0
     28 c 23 5 0
     28 c 55 1 1
     28 c 67 1 3
     28 c 68 1 0
     28 d 165 1 1
     28 d 37 1 1
     28 d 42 1 0
     28 g 9 1 1
     29 c 1 4 0
     29 c 2 1 7
     29 c 26 1 1
     29 c 55 3 5
     29 c 67 1 1
     29 c 95 1 2
     29 d 5 1 1
     29 d 92 1 0
     29 f 1 4 1
     30 a 60 1 0
     30 a 8 1 1
     30 b 1 18 10
     30 b 1 8 1
     30 c 1 11 2
     30 c 77 1 1
     30 d 32 1 0
     31 a 3 1 0
     31 b 35 1 2
     31 b 82 3 0
     31 c 26 2 0
     31 c 30 1 0
     31 c 56 2 1
     31 d 153 1 0
     31 d 17 4 0
     31 d 26 1 0
     31 d 26 1 1
     31 d 54 1 1
     32 a 104 1 1
     32 a 40 1 0
     32 c 2 1 1
     32 c 2 1 5
     32 c 93 1 1
     32 d 15 7 1
     32 d 90 1 0
     32 g 8 1 1
     33 a 4 6 0
     33 a 5 2 1
     33 b 1 6 0
     33 b 60 1 0
     33 c 1 7 0
     33 c 1 9 0
     33 d 104 1 1
     33 d 110 3 0
     33 d 142 1 0
     33 d 15 4 1
     34 d 14 1 0
     34 d 162 1 1
     34 d 51 1 1
     34 e 23 1 0
     35 b 29 1 11
     35 b 34 13 2
     35 b 40 4 3
     35 b 50 1 2
     35 b 81 1 0
     35 c 1 7 1
     35 c 23 1 1
     35 c 37 1 12
     35 d 157 1 0
     35 d 58 6 1
     35 e 6 1 0
     35 g 3 7 1
     36 b 55 1 0
     36 c 10 2 0
     36 d 3 1 0
     36 g 18 1 1
     37 a 121 1 1
     37 a 4 1 9
     37 b 29 1 1
     37 b 42 2 1
     37 b 71 1 0
     37 c 58 1 0
     37 c 92 2 0
     38 a 118 8 1
     38 b 6 1 3
     38 b 82 1 0
     38 c 1 4 1
     38 c 79 1 0
     38 d 211 1 1
     38 d 44 1 0
     38 g 3 6 2
     39 a 2 11 0
     39 a 29 3 0
     39 b 19 1 2
     39 b 71 1 1
     39 c 37 1 10
     39 d 22 1 0
     40 a 1 1 0
     40 b 60 1 2
     40 b 6 1 1
     40 b 72 1 1
     41 c 37 1 11
     41 c 61 1 1
     41 g 7 1 1
     42 c 1 2 0
     42 c 78 1 0
     43 b 62 1 1
     44 c 87 1 0
     44 d 130 1 0
     45 c 1 10 1
     45 c 67 1 4
     45 d 162 1 0
     47 a 4 1 0
     47 b 47 1 0
     47 c 47 1 5
     47 c 56 2 0
     47 c 72 1 0
     48 c 61 1 0
     49 c 47 1 1
     49 d 38 1 0
     50 a 100 1 0
     50 d 131 1 0
     50 d 153 1 4
     50 d 3 1 1
     50 g 3 7 2
     51 a 128 1 0
     51 b 50 1 1
     52 b 18 1 0
     52 d 20 1 1
     53 a 25 1 0
     55 b 55 1 1
     55 c 45 1 0
     56 b 60 1 1
     56 c 2 1 3
     56 d 93 1 1
     57 c 3 1 5
     57 e 3 1 1
     57 g 3 11 1
     58 c 37 1 1
     58 c 37 1 20
     58 d 108 1 0
     58 d 22 1 1
     59 a 22 1 1
     59 a 29 2 0
     59 b 121 4 0
     59 b 40 4 0
     61 c 47 1 10
     62 a 25 1 1
     62 d 9 1 1
     63 a 1 1 3
     63 a 123 1 1
     63 d 108 1 1
     64 a 3 1 1
     64 a 39 1 0
     64 a 45 1 1
     64 c 26 1 0
     64 d 169 1 0
     68 b 1 2 0
     68 c 37 1 19
     70 b 6 1 0
     70 c 1 8 1
     70 e 3 1 0
     71 c 108 1 0
     71 c 1 11 0
     72 a 133 1 2
     72 b 1 18 0
     72 c 1 8 3
     72 d 169 1 1
     72 g 39 1 3
     74 a 4 1 1
     77 b 40 4 5
     79 c 82 1 0
     80 d 19 1 1
     81 a 39 1 5
     83 d 54 1 0
     84 b 36 1 0
     88 d 15 1 0
     89 c 1 10 0
     90 b 1 1 4
     90 c 23 1 0
     91 b 47 1 2
     93 b 121 4 1
     93 d 15 1 1
     94 c 94 1 1
     99 c 66 1 0
    100 c 93 1 0
    102 d 58 7 0
    105 b 34 2 1
    106 a 45 1 0
    106 b 29 1 0
    107 b 34 2 0
    112 b 36 1 1
    113 c 14 1 0
    116 b 1 2 1
    117 c 55 1 0
    122 a 4 5 0
    127 a 104 1 0
    132 d 58 7 1
    139 a 1 1 2
    140 d 144 1 7
    141 c 1 8 0
    150 c 2 1 2
    152 c 69 1 0
    167 c 37 1 8
    172 g 37 1 1
    174 c 95 1 0
    184 b 1 1 2
    210 d 144 1 0
    212 c 67 1 0
    213 c 94 1 0
    318 c 37 1 0
    331 c 47 1 0
    456 c 2 1 0
   1722 b 1 1 1
   2112 b 1 1 0
